6.164445728063583374e-02
-1.276423968374729156e-02
6.446167826652526855e-02
-2.534697204828262329e-02
4.368695020675659180e-01
3.193350434303283691e-01
-8.661051839590072632e-02
3.909317031502723694e-02
-5.565707013010978699e-02
-4.670154303312301636e-02
1.860690563917160034e-01
1.182039231061935425e-01
1.249298336915671825e-03
1.355594545602798462e-01
-1.024972926825284958e-02
2.815031409263610840e-01
-1.589843630790710449e-01
4.594848752021789551e-01
-6.015003472566604614e-02
-1.663905382156372070e-01
-9.849511086940765381e-02
1.244863197207450867e-01
-3.379590436816215515e-02
5.010349676012992859e-02
-8.950000256299972534e-02
1.317396853119134903e-02
9.956020116806030273e-02
-3.072933107614517212e-02
2.203892171382904053e-01
1.491199582815170288e-01
1.466204822063446045e-01
-2.919851243495941162e-01
-1.051452979445457458e-01
8.003871142864227295e-02
1.901323348283767700e-01
2.111925184726715088e-01
7.662492990493774414e-02
7.989834994077682495e-02
-1.481825709342956543e-01
5.956016853451728821e-02
-1.283742673695087433e-02
1.663393825292587280e-01
2.026309221982955933e-01
-7.338832132518291473e-03
-2.692234516143798828e-02
2.778966352343559265e-02
-3.278115764260292053e-02
6.340011954307556152e-01
-1.472188830375671387e-01
1.522982418537139893e-01
4.557852819561958313e-02
5.986067466437816620e-03
7.549335807561874390e-02
1.279727518558502197e-01
5.417895689606666565e-02
-4.735648259520530701e-02
-8.149356395006179810e-02
4.396298900246620178e-03
-4.103393480181694031e-02
1.986124068498611450e-01
1.073832735419273376e-01
1.370373070240020752e-01
-2.434811927378177643e-02
5.654439330101013184e-02
4.049532487988471985e-02
1.874592453241348267e-01
-1.329605430364608765e-01
-3.857559710741043091e-02
1.285057701170444489e-02
-9.629525989294052124e-02
1.288936883211135864e-01
-1.996105462312698364e-01
4.579664170742034912e-01
2.661997079849243164e-01
4.369901418685913086e-01
2.491220682859420776e-01
1.058260537683963776e-02
2.989345230162143707e-02
-8.469336479902267456e-02
-1.970111727714538574e-01
-3.042716905474662781e-02
-4.355391487479209900e-02
-8.773483335971832275e-02
1.441071629524230957e-01
-8.148752152919769287e-02
9.143617004156112671e-02
1.003517806529998779e-01
-9.482674300670623779e-02
1.394369900226593018e-01
1.228034347295761108e-01
-9.861725568771362305e-02
-1.757672876119613647e-01
1.217098683118820190e-01
2.623441629111766815e-02
-9.050878882408142090e-02
7.377220690250396729e-02
1.716508418321609497e-01
2.585543096065521240e-01
-5.337873473763465881e-02
-2.282327227294445038e-02
1.002149935811758041e-02
-1.130878925323486328e-02
1.583274304866790771e-01
2.537053823471069336e-01
-3.354850783944129944e-02
2.524700462818145752e-01
2.270245552062988281e-01
3.355916962027549744e-02
4.776846617460250854e-02
1.284764111042022705e-01
1.555952429771423340e-01
2.045209258794784546e-01
6.083384901285171509e-02
8.310827612876892090e-02
-3.220762014389038086e-01
-7.269976288080215454e-02
1.975093483924865723e-01
5.670777335762977600e-02
5.491738021373748779e-02
1.484724227339029312e-02
-9.360153973102569580e-02
-4.591981321573257446e-02
8.419211953878402710e-02
-4.946732521057128906e-02
-1.302957534790039062e-01
-5.156584456562995911e-02
8.841800689697265625e-02
1.758525520563125610e-01
-1.362210661172866821e-01
1.772710680961608887e-02
1.184704005718231201e-01
-5.337873473763465881e-02
-1.284567564725875854e-01
-6.477645784616470337e-02
1.993113458156585693e-01
-1.025364771485328674e-01
-2.195563539862632751e-02
-4.120664205402135849e-03
7.325275242328643799e-02
4.022288620471954346e-01
1.919073164463043213e-01
1.782373636960983276e-01
2.042665630578994751e-01
3.052889183163642883e-02
1.507207751274108887e-01
-8.012599311769008636e-03
1.409105956554412842e-01
-2.282327227294445038e-02
-4.050603508949279785e-02
-1.276267021894454956e-01
4.471199214458465576e-01
7.618094235658645630e-02
7.791671156883239746e-02
-1.250215619802474976e-01
5.217223986983299255e-02
1.806685328483581543e-01
-5.707363784313201904e-02
9.602207690477371216e-03
-5.518775060772895813e-02
1.206526905298233032e-01
1.509862840175628662e-01
-2.752146720886230469e-01
-8.866235613822937012e-02
1.106074899435043335e-01
5.065704137086868286e-02
2.024168372154235840e-01
-1.736087608151137829e-03
6.601390987634658813e-02
7.740311324596405029e-02
-2.388987690210342407e-01
2.916740253567695618e-02
2.132702171802520752e-01
1.234024949371814728e-02
1.923359483480453491e-01
-1.789181679487228394e-01
4.022288620471954346e-01
1.005810201168060303e-01
-1.001492142677307129e-01
1.226761750876903534e-02
-9.524238109588623047e-02
-7.455160468816757202e-02
7.781433407217264175e-03
1.066843345761299133e-01
2.397860959172248840e-02
-3.599658980965614319e-02
-9.500610083341598511e-02
1.984149031341075897e-02
1.269367486238479614e-01
-7.011114154011011124e-03
2.243439406156539917e-01
-1.699423640966415405e-01
6.184050347656011581e-03
4.563555121421813965e-03
-6.026735901832580566e-02
4.462946671992540359e-03
1.524593830108642578e-01
-2.288523018360137939e-01
8.431967347860336304e-02
3.923519551753997803e-01
9.033227711915969849e-02
6.071767210960388184e-02
-9.330716729164123535e-02
-1.392280608415603638e-01
-2.544724196195602417e-02
-4.766978695988655090e-02
2.271300740540027618e-02
-2.217345871031284332e-03
1.285592168569564819e-01
3.661127388477325439e-02
9.506639838218688965e-02
-1.255815327167510986e-01
8.980340510606765747e-02
-1.330510675907135010e-01
2.740161120891571045e-01
-2.471947856247425079e-02
-2.563191391527652740e-02
3.973816335201263428e-01
6.639824062585830688e-02
2.039343565702438354e-01
-4.114793986082077026e-02
1.765818446874618530e-01
9.941599331796169281e-03
-1.080849114805459976e-02
1.010067462921142578e-01
4.943437874317169189e-02
-5.235933139920234680e-02
-1.296478658914566040e-01
4.497107490897178650e-02
-1.566686779260635376e-01
-5.932740122079849243e-02
1.893299072980880737e-01
-7.855797559022903442e-02
1.709632426500320435e-01
-3.787264972925186157e-02
8.110955357551574707e-02
7.728372514247894287e-02
1.904947161674499512e-01
-6.153721734881401062e-02
7.327570766210556030e-02
-1.652461290359497070e-02
1.059050858020782471e-01
-1.675315052270889282e-01
2.758830040693283081e-02
-2.282327227294445038e-02
-3.789301263168454170e-03
8.606566116213798523e-03
1.822340041399002075e-01
-2.512416616082191467e-02
9.485745429992675781e-02
7.625060528516769409e-02
2.847525104880332947e-02
1.575958281755447388e-01
-1.595797576010227203e-02
-1.423406004905700684e-01
6.239821314811706543e-01
-9.788062423467636108e-02
1.135841757059097290e-01
4.529626294970512390e-02
-9.861725568771362305e-02
-1.003494039177894592e-01
1.703688800334930420e-01
3.876861557364463806e-02
1.960643380880355835e-01
-1.821203157305717468e-02
2.246295660734176636e-01
1.318202316761016846e-01
3.675142228603363037e-01
-1.332893520593643188e-01
4.352619051933288574e-01
-1.750402003526687622e-01
2.150243073701858521e-01
7.412648946046829224e-02
1.364060491323471069e-01
2.001460641622543335e-01
1.857434399425983429e-02
7.174567133188247681e-02
3.406224548816680908e-01
-1.356471478939056396e-01
2.055467665195465088e-01
-1.533697694540023804e-01
-4.432921484112739563e-02
3.881875192746520042e-03
4.225261807441711426e-01
6.669279932975769043e-01
-8.388963341712951660e-02
-2.339893877506256104e-01
2.641250379383563995e-02
-1.330510675907135010e-01
-8.449005335569381714e-02
-9.752175956964492798e-02
-8.801085501909255981e-02
2.165777683258056641e-01
2.634071744978427887e-02
6.887416243553161621e-01
-3.088199533522129059e-02
3.228944167494773865e-02
-3.192375227808952332e-02
2.061210423707962036e-01
2.627218365669250488e-01
2.294325232505798340e-01
3.547189384698867798e-02
-2.270468696951866150e-02
5.033597350120544434e-01
-2.240912020206451416e-01
-5.799234844744205475e-03
-1.297052670270204544e-02
1.355594545602798462e-01
-8.356561884284019470e-03
-7.814264297485351562e-02
-1.624439209699630737e-01
-1.088789403438568115e-01
-4.415781050920486450e-02
1.460165679454803467e-01
8.538794517517089844e-02
-4.216102138161659241e-02
-2.115695178508758545e-02
-3.510711342096328735e-02
-1.834479719400405884e-01
-4.216102138161659241e-02
7.088816165924072266e-02
-1.562999337911605835e-01
1.986319571733474731e-01
2.198231518268585205e-01
1.655667671002447605e-03
9.006940573453903198e-02
3.684607520699501038e-02
9.615022689104080200e-02
1.136674061417579651e-01
-1.236786022782325745e-01
-1.062137410044670105e-01
-1.133464500308036804e-01
1.595455259084701538e-01
1.193633768707513809e-02
1.830423921346664429e-01
2.648970484733581543e-01
7.926626503467559814e-02
5.278448108583688736e-03
-6.686529517173767090e-02
-1.782575547695159912e-01
7.412419468164443970e-02
-5.875642597675323486e-02
1.212432980537414551e-01
1.200912427157163620e-02
3.322586417198181152e-01
3.426390886306762695e-01
2.293510288000106812e-01
2.585543096065521240e-01
-5.881370604038238525e-02
4.499184787273406982e-01
3.759732544422149658e-01
-1.513192802667617798e-01
-1.360270828008651733e-01
6.184050347656011581e-03
2.772631049156188965e-01
-1.945639774203300476e-02
2.148686200380325317e-01
1.376031041145324707e-01
-5.491826683282852173e-02
-5.272224918007850647e-02
9.457331895828247070e-02
-1.365511566400527954e-01
7.366320490837097168e-02
2.815031409263610840e-01
3.035832643508911133e-01
-1.680886931717395782e-02
1.447081118822097778e-01
2.036862671375274658e-01
-2.200254648923873901e-01
3.937477767467498779e-01
-5.378622096031904221e-03
4.083880782127380371e-02
1.664401590824127197e-01
-6.288919597864151001e-02
8.927871286869049072e-02
2.782527729868888855e-02
2.116975933313369751e-01
1.235702726989984512e-02
-1.025364771485328674e-01
-2.033750265836715698e-01
3.504031598567962646e-01
-1.511887740343809128e-02
-1.718882620334625244e-01
