-2.459190599620342255e-02
2.516235113143920898e-01
5.931884422898292542e-02
-1.012889370322227478e-01
2.674641013145446777e-01
1.309453099966049194e-01
-5.349827557802200317e-02
9.526349604129791260e-02
1.269379407167434692e-01
-6.593427062034606934e-02
2.498250901699066162e-01
-1.176484022289514542e-02
1.886447519063949585e-01
-4.828451573848724365e-02
-1.163281922345049679e-04
-8.203949779272079468e-02
7.627324759960174561e-02
-2.479732781648635864e-02
3.541898429393768311e-01
2.802075445652008057e-01
9.573574364185333252e-02
-8.047335594892501831e-02
3.114882707595825195e-01
-4.541130363941192627e-02
6.940174847841262817e-02
-1.472140401601791382e-01
-5.448000133037567139e-02
-4.622063040733337402e-02
1.162803499028086662e-03
-9.215507656335830688e-02
2.168034901842474937e-03
1.937919482588768005e-02
3.108592629432678223e-01
2.801546454429626465e-01
-1.437361724674701691e-02
2.068091630935668945e-01
1.832433044910430908e-01
-6.517109274864196777e-02
2.367980591952800751e-02
-9.759128093719482422e-02
-8.432029932737350464e-02
-1.346294432878494263e-01
1.146592050790786743e-01
1.165007576346397400e-01
-9.080699831247329712e-02
1.889034956693649292e-01
-2.837203070521354675e-02
-1.078767031431198120e-01
-8.163858950138092041e-02
2.906957268714904785e-01
2.180612832307815552e-01
-9.215507656335830688e-02
1.872805953025817871e-01
9.429279714822769165e-03
-1.756267808377742767e-02
-2.382430620491504669e-02
-9.416931867599487305e-02
6.761364638805389404e-02
-1.132648736238479614e-01
-2.247145585715770721e-02
3.809885308146476746e-02
-3.968976810574531555e-02
-1.179941445589065552e-01
2.183218300342559814e-01
2.478270679712295532e-01
5.895103514194488525e-02
4.283245652914047241e-02
1.152268704026937485e-02
1.626834124326705933e-01
9.414637833833694458e-02
-7.917910814285278320e-02
1.081505045294761658e-01
2.748719416558742523e-02
-8.383560925722122192e-02
-5.477131903171539307e-02
-1.048355326056480408e-01
-3.318846225738525391e-02
5.630101636052131653e-02
1.089751627296209335e-02
-1.316007673740386963e-01
3.200317025184631348e-01
2.444365248084068298e-02
1.615266501903533936e-01
4.457255005836486816e-01
2.534775249660015106e-02
-1.690172404050827026e-01
-7.288429886102676392e-02
-2.533968351781368256e-02
-5.601191893219947815e-02
-4.521406441926956177e-02
-2.577965334057807922e-02
1.177734415978193283e-02
-8.008875697851181030e-02
-2.642790973186492920e-02
1.822184622287750244e-01
7.659220136702060699e-03
-1.273120008409023285e-02
-1.367073059082031250e-01
-8.051191270351409912e-02
1.146994680166244507e-01
-1.057102382183074951e-01
-1.382448524236679077e-01
-6.829693447798490524e-03
1.793047487735748291e-01
7.770773023366928101e-02
-1.230948418378829956e-01
-1.997441202402114868e-01
1.145381107926368713e-01
2.781785279512405396e-02
1.041101757436990738e-02
-7.917910814285278320e-02
2.108508348464965820e-01
-1.377104818820953369e-01
1.367207169532775879e-01
-9.400224685668945312e-02
-3.609757125377655029e-02
4.791598916053771973e-01
-1.630105078220367432e-01
3.614354729652404785e-01
-5.554449185729026794e-02
-1.563540250062942505e-01
-4.312076419591903687e-02
8.779171109199523926e-02
-1.345777511596679688e-01
1.594840437173843384e-01
-8.544439822435379028e-02
8.779171109199523926e-02
2.537257671356201172e-01
2.894884347915649414e-01
-1.295052766799926758e-01
4.615064561367034912e-01
1.931733489036560059e-01
4.821553528308868408e-01
-5.760563164949417114e-02
-6.089878454804420471e-02
1.428523510694503784e-01
8.767395466566085815e-02
-2.292666882276535034e-01
-1.193146407604217529e-01
-5.275806784629821777e-02
-6.100689992308616638e-02
2.792096138000488281e-01
4.897375777363777161e-02
-1.324306279420852661e-01
-4.203010722994804382e-02
9.471182525157928467e-02
-1.928380690515041351e-02
-1.782106012105941772e-01
-4.440927412360906601e-03
-2.860212326049804688e-02
1.635085195302963257e-01
1.043881252408027649e-01
-7.008358091115951538e-02
-5.275756865739822388e-02
4.900819808244705200e-02
-1.377056539058685303e-01
2.389051169157028198e-01
6.081504747271537781e-02
-6.666836142539978027e-02
-1.552630215883255005e-02
2.973318994045257568e-01
8.735276013612747192e-02
2.628346383571624756e-01
-4.838617518544197083e-02
6.103049963712692261e-02
-6.048550084233283997e-02
3.046633861958980560e-02
4.326000064611434937e-02
1.771835982799530029e-01
-4.155990853905677795e-02
3.505333065986633301e-01
1.721089705824851990e-02
4.141000807285308838e-01
2.031408399343490601e-01
6.652955710887908936e-02
-1.173392012715339661e-01
1.345032919198274612e-02
5.680576562881469727e-01
-3.973020240664482117e-02
-5.068279057741165161e-02
7.475177943706512451e-02
-1.111891791224479675e-01
-6.008416414260864258e-02
-8.263328671455383301e-02
-4.873065743595361710e-03
-5.561415851116180420e-02
-1.063402071595191956e-01
3.217441439628601074e-01
3.349040076136589050e-02
-1.463605463504791260e-02
-2.481932006776332855e-02
1.497263908386230469e-01
-1.018841117620468140e-01
1.233367919921875000e-01
7.706315815448760986e-02
1.866215467453002930e-01
-6.751161068677902222e-02
9.389425069093704224e-02
-5.184717103838920593e-02
-1.589687168598175049e-01
1.448234170675277710e-01
-1.484458893537521362e-01
-6.375963240861892700e-02
2.890410274267196655e-02
-2.040603309869766235e-01
1.469403952360153198e-01
3.914739470928907394e-03
-3.792788833379745483e-02
-9.986799955368041992e-02
-6.927567068487405777e-03
-1.247769296169281006e-01
1.272442638874053955e-01
6.597455590963363647e-02
-8.246832340955734253e-02
-5.653583630919456482e-02
-4.336223006248474121e-02
-7.962466031312942505e-02
-1.949934512376785278e-01
-2.096519432961940765e-02
-4.632257297635078430e-02
-3.367940336465835571e-02
-2.960854023694992065e-02
1.830814480781555176e-01
3.088074028491973877e-01
-2.129379473626613617e-02
1.802959144115447998e-01
-6.583973020315170288e-02
2.116799354553222656e-01
4.111387766897678375e-03
3.005501581355929375e-03
1.284654736518859863e-01
-5.178380385041236877e-02
-1.594329923391342163e-01
4.839911311864852905e-02
3.519036993384361267e-02
-1.877984590828418732e-02
8.561546355485916138e-02
2.428035810589790344e-02
-8.141899853944778442e-02
2.187638431787490845e-01
-2.549519836902618408e-01
3.448838293552398682e-01
2.696236670017242432e-01
2.751896679401397705e-01
-5.606233701109886169e-02
2.781785279512405396e-02
-1.935795992612838745e-01
3.024722635746002197e-01
-1.142312511801719666e-01
8.515243977308273315e-02
-1.089146137237548828e-01
3.125956654548645020e-01
-4.191246628761291504e-02
1.816138178110122681e-01
2.091151475906372070e-02
6.615612655878067017e-02
-5.926686152815818787e-02
-2.502816170454025269e-02
2.831097245216369629e-01
-6.926744431257247925e-02
1.712307520210742950e-02
-1.309803575277328491e-01
-6.516173481941223145e-03
-1.193146407604217529e-01
-7.089938223361968994e-02
1.431954652070999146e-01
1.541741937398910522e-01
6.879203021526336670e-02
-2.808880433440208435e-02
1.234973669052124023e-01
1.322700381278991699e-01
9.598958492279052734e-02
2.197233140468597412e-01
4.926641583442687988e-01
-2.396519854664802551e-02
3.088074028491973877e-01
-1.076502446085214615e-02
1.892192214727401733e-01
2.662741541862487793e-01
-6.849666684865951538e-02
-1.678389757871627808e-01
-6.305120419710874557e-03
-8.199591189622879028e-02
-8.427237719297409058e-02
2.904540300369262695e-01
7.444250583648681641e-02
1.893491446971893311e-01
-2.655274979770183563e-02
-1.184282079339027405e-01
-1.375102996826171875e-01
-6.618319451808929443e-02
1.067967787384986877e-01
7.538788020610809326e-02
-8.090952783823013306e-02
1.448121219873428345e-01
-7.107936590909957886e-02
1.893491446971893311e-01
1.569299399852752686e-01
-8.246832340955734253e-02
-1.881640963256359100e-02
1.258318275213241577e-01
-1.172379851341247559e-01
-9.920695424079895020e-02
6.266652047634124756e-02
2.234305739402770996e-01
4.457255005836486816e-01
1.096699982881546021e-01
-2.562574148178100586e-01
1.172582879662513733e-01
-3.656164556741714478e-02
-1.650136858224868774e-01
2.364390157163143158e-02
3.663282394409179688e-01
4.897375777363777161e-02
-1.226987764239311218e-01
3.223622441291809082e-01
2.968178503215312958e-02
-1.898431628942489624e-01
1.250012665987014771e-01
-1.569528877735137939e-01
-7.991801202297210693e-02
2.125566303730010986e-01
7.799858599901199341e-02
1.211820989847183228e-01
4.581040516495704651e-02
-1.977875977754592896e-01
-1.471393182873725891e-02
3.010764718055725098e-01
5.533019453287124634e-02
3.496575951576232910e-01
1.068824306130409241e-01
-6.926449388265609741e-02
-8.263328671455383301e-02
-9.274759143590927124e-02
-3.309337422251701355e-02
1.036760807037353516e-01
-2.247715834528207779e-03
3.923612236976623535e-01
-1.049483269453048706e-01
-3.397566080093383789e-02
-1.190732717514038086e-01
1.703744530677795410e-01
-2.100552059710025787e-02
-7.471427321434020996e-02
-2.043720930814743042e-01
-1.011748164892196655e-01
6.909714080393314362e-03
3.442442715167999268e-01
3.497776389122009277e-02
-1.581396609544754028e-01
-2.514903247356414795e-02
6.434363871812820435e-02
-2.005392499268054962e-02
-6.644515693187713623e-02
2.060198336839675903e-01
-1.830607838928699493e-02
-3.413873538374900818e-02
-8.966684341430664062e-02
-5.601316224783658981e-04
-6.041940674185752869e-02
-1.765004917979240417e-02
3.372378051280975342e-01
2.125808000564575195e-01
8.488822728395462036e-02
2.129465527832508087e-02
-2.800648799166083336e-03
-2.055472582578659058e-01
-1.146066561341285706e-01
-6.360676139593124390e-02
-5.063349753618240356e-02
-1.231996193528175354e-01
1.216047480702400208e-01
-8.967068046331405640e-02
-5.868746340274810791e-02
4.863892495632171631e-02
7.740093767642974854e-02
-9.700386971235275269e-02
3.582360446453094482e-01
-1.216154620051383972e-01
5.312252789735794067e-02
-1.668660640716552734e-01
-2.123857848346233368e-02
-8.692669868469238281e-02
-1.209645941853523254e-01
2.988753467798233032e-02
1.630260609090328217e-02
4.134970009326934814e-01
2.910753786563873291e-01
2.641986310482025146e-02
3.180714696645736694e-02
4.279172122478485107e-01
-6.340108811855316162e-02
2.766080796718597412e-01
6.596273183822631836e-01
-1.360556185245513916e-01
-1.084533408284187317e-01
-1.576655060052871704e-01
1.560089923441410065e-02
-9.076242148876190186e-02
-1.850546002388000488e-01
2.146709114313125610e-01
1.294878274202346802e-01
4.644559696316719055e-02
1.946384310722351074e-01
-1.522014886140823364e-01
-5.373360589146614075e-02
-6.210843473672866821e-02
7.104171067476272583e-02
-5.299029871821403503e-02
8.124792575836181641e-02
-5.390146747231483459e-03
2.937997579574584961e-01
5.939253140240907669e-03
-3.972943872213363647e-02
-7.898456603288650513e-02
2.834542095661163330e-01
7.754398882389068604e-02
2.180612832307815552e-01
4.237954914569854736e-01
1.889204978942871094e-01
4.669309034943580627e-02
-3.328679502010345459e-02
-1.682077497243881226e-01
1.063727065920829773e-01
4.767452180385589600e-01
1.370422448962926865e-02
-6.959868967533111572e-02
-1.587799005210399628e-02
1.804150640964508057e-02
1.560242772102355957e-01
1.133369952440261841e-01
-1.974117606878280640e-01
-4.336223006248474121e-02
1.574724316596984863e-01
-1.700896024703979492e-02
-7.623546291142702103e-03
-5.425707250833511353e-02
-1.193146407604217529e-01
-1.048355326056480408e-01
1.320815533399581909e-01
2.776062302291393280e-02
7.020977139472961426e-02
7.724373042583465576e-02
4.500000178813934326e-02
-1.287719458341598511e-01
-2.838398702442646027e-02
-7.649344205856323242e-02
1.549173444509506226e-01
1.878901720046997070e-01
1.312274113297462463e-02
-1.702008694410324097e-01
-1.230948418378829956e-01
-5.392984952777624130e-03
4.398275911808013916e-01
-7.523594796657562256e-02
2.089573442935943604e-01
2.047040499746799469e-02
-5.980518832802772522e-02
2.788758873939514160e-01
8.995858579874038696e-02
-1.517891585826873779e-01
-3.578091412782669067e-02
-1.471393182873725891e-02
1.771835982799530029e-01
-1.942255049943923950e-01
-1.686042547225952148e-01
-2.623878419399261475e-01
-6.300158798694610596e-02
-5.299660190939903259e-02
3.993670642375946045e-02
-5.929103121161460876e-02
1.234973669052124023e-01
4.085556268692016602e-01
3.374187946319580078e-01
1.188370864838361740e-02
-1.304726004600524902e-01
2.878053784370422363e-01
-1.708275824785232544e-02
-1.831136345863342285e-01
2.525385320186614990e-01
1.196377649903297424e-01
3.293619155883789062e-01
5.307969450950622559e-02
-1.359830051660537720e-01
1.484645754098892212e-01
2.716589719057083130e-02
-2.397672645747661591e-02
-2.334382012486457825e-02
3.065424263477325439e-01
-2.066615596413612366e-02
6.466165930032730103e-02
-4.881713911890983582e-02
9.210451692342758179e-02
-5.609679222106933594e-02
3.835481405258178711e-02
-3.702954202890396118e-02
5.217564105987548828e-02
1.342807859182357788e-01
5.803425237536430359e-02
9.231419861316680908e-02
-5.187495797872543335e-02
-6.626150012016296387e-02
6.089464947581291199e-02
-6.922824680805206299e-02
-1.656631380319595337e-01
7.639123499393463135e-02
1.599208684638142586e-03
1.385761052370071411e-01
1.032313406467437744e-01
-2.489830181002616882e-02
9.783627092838287354e-02
2.033619582653045654e-02
7.293180376291275024e-02
4.741449952125549316e-01
-5.798207968473434448e-02
-5.056606605648994446e-02
4.169827997684478760e-01
-1.394213084131479263e-02
6.074665486812591553e-02
1.503088325262069702e-01
3.505333065986633301e-01
-9.197414852678775787e-03
-3.754295757971704006e-04
3.470553457736968994e-01
3.450328856706619263e-02
3.338631093502044678e-01
-2.182184904813766479e-02
-8.887861669063568115e-02
-5.960442498326301575e-02
-2.655142545700073242e-02
-7.264348864555358887e-02
8.779171109199523926e-02
