5.529860500246286392e-03
5.004088953137397766e-02
6.064682081341743469e-02
-2.145165577530860901e-02
3.266910836100578308e-02
4.138741493225097656e-01
6.342642754316329956e-02
6.687828898429870605e-02
-4.314807802438735962e-02
1.487158685922622681e-01
-7.279456593096256256e-03
-3.841977939009666443e-02
-2.342320745810866356e-03
1.647459119558334351e-01
2.459108382463455200e-01
1.056267917156219482e-01
-1.155313476920127869e-01
1.079019308090209961e-01
-1.062080031260848045e-03
4.876250028610229492e-02
2.490859851241111755e-02
2.199886180460453033e-02
-4.849924892187118530e-02
-1.736308485269546509e-01
-8.689277619123458862e-02
1.515930145978927612e-01
1.583585864864289761e-03
1.590764373540878296e-01
1.481541525572538376e-02
-1.737372726202011108e-01
1.725436747074127197e-01
-5.488278111442923546e-04
2.535400725901126862e-02
1.883585064206272364e-04
1.322774291038513184e-01
2.938410043716430664e-01
4.565913081169128418e-01
-1.960947923362255096e-02
-3.721544146537780762e-02
4.539575874805450439e-01
8.422325551509857178e-02
-8.942410349845886230e-02
6.052859127521514893e-02
6.102306768298149109e-02
1.433037519454956055e-01
2.080084085464477539e-01
6.571006495505571365e-03
1.761324107646942139e-01
4.035744071006774902e-01
2.669273503124713898e-02
-8.899983763694763184e-02
4.322759211063385010e-01
4.556371867656707764e-01
5.191971063613891602e-01
-1.467723399400711060e-01
8.474874496459960938e-02
8.469191193580627441e-02
-8.583117276430130005e-03
4.315161332488059998e-02
3.033564193174242973e-03
4.708871841430664062e-01
-1.302171498537063599e-02
-6.159535050392150879e-02
4.297154247760772705e-01
-3.649280220270156860e-02
1.856677420437335968e-02
1.095169708132743835e-01
-4.295447841286659241e-02
3.668850287795066833e-02
-2.913379855453968048e-02
4.433248564600944519e-02
6.009687110781669617e-02
-7.022464275360107422e-02
-3.001174144446849823e-02
6.775034964084625244e-02
1.414536684751510620e-01
-9.401352703571319580e-02
3.288079798221588135e-01
4.204874932765960693e-01
7.511969655752182007e-02
1.399948447942733765e-01
4.331654608249664307e-01
4.134825244545936584e-02
4.613661468029022217e-01
1.121703758835792542e-01
-1.611252874135971069e-01
4.892005026340484619e-01
4.772593453526496887e-02
8.366695046424865723e-02
-1.680498868227005005e-01
4.205606132745742798e-02
9.235334396362304688e-02
2.638533413410186768e-01
-9.671080112457275391e-02
1.478193104267120361e-01
4.709511995315551758e-02
4.916408658027648926e-02
5.723216012120246887e-02
-8.577316254377365112e-02
-5.315870419144630432e-02
1.331903934478759766e-01
6.465594470500946045e-02
-5.603194236755371094e-02
-1.005133911967277527e-01
3.384623527526855469e-01
4.468610286712646484e-01
2.831472754478454590e-01
-1.969072781503200531e-02
5.622548237442970276e-02
-7.540763914585113525e-02
-4.079182632267475128e-03
4.430753290653228760e-01
8.354258723556995392e-03
5.977742001414299011e-02
-6.414000689983367920e-02
1.301179081201553345e-01
1.552416831254959106e-01
4.033428728580474854e-01
4.806634038686752319e-02
1.077762804925441742e-02
9.463848173618316650e-02
-1.621504686772823334e-02
1.128950715065002441e-01
5.383040755987167358e-02
2.838360667228698730e-01
9.920924901962280273e-02
8.726564794778823853e-02
-2.145165577530860901e-02
-7.320189476013183594e-02
-2.529693581163883209e-02
3.060549497604370117e-01
5.540515761822462082e-03
4.762245416641235352e-01
-5.624664574861526489e-02
4.205754101276397705e-01
3.273274376988410950e-02
1.272732317447662354e-01
-3.508893772959709167e-02
4.674582928419113159e-02
6.674349308013916016e-02
-1.955123394727706909e-01
3.408403694629669189e-01
-7.105538249015808105e-02
8.771846443414688110e-02
-8.861441910266876221e-02
8.744090795516967773e-02
-2.270806580781936646e-02
1.433968842029571533e-01
2.690700255334377289e-02
-5.698711425065994263e-02
4.905002117156982422e-01
-1.933758407831192017e-01
4.947675466537475586e-01
4.571210443973541260e-01
3.230386227369308472e-02
1.246404461562633514e-02
3.815594315528869629e-01
1.502849161624908447e-01
1.986847072839736938e-01
-2.794279903173446655e-02
1.061164289712905884e-01
6.652700249105691910e-04
3.048365414142608643e-01
6.777998059988021851e-02
4.290195405483245850e-01
8.531305938959121704e-02
1.293132305145263672e-01
1.235989406704902649e-01
1.104089245200157166e-01
1.427669525146484375e-01
-5.621862784028053284e-02
1.386036276817321777e-01
4.555264860391616821e-02
1.313161849975585938e-01
-1.040182709693908691e-01
1.047350987792015076e-01
4.038562476634979248e-01
-2.808190882205963135e-02
4.913010448217391968e-02
-1.226631850004196167e-01
3.035439364612102509e-02
3.751643374562263489e-02
1.863367110490798950e-01
3.045321702957153320e-01
-3.595954924821853638e-02
4.128874465823173523e-02
2.309447154402732849e-02
2.108417823910713196e-02
3.974718600511550903e-02
1.343580037355422974e-01
-7.807659357786178589e-02
7.625347469002008438e-03
-4.671743884682655334e-02
1.615263223648071289e-01
-5.297453328967094421e-02
1.394806057214736938e-01
-1.007375866174697876e-01
1.594291627407073975e-02
7.836674898862838745e-02
-1.899324506521224976e-01
4.437988996505737305e-01
2.593959867954254150e-01
2.643953561782836914e-01
2.451889589428901672e-02
-2.808190882205963135e-02
-4.569918289780616760e-02
7.889870554208755493e-02
4.075111746788024902e-01
3.793486356735229492e-01
1.892361603677272797e-02
1.135184764862060547e-01
3.747553825378417969e-01
1.114969626069068909e-01
3.787956237792968750e-01
-1.753769218921661377e-01
1.761324107646942139e-01
1.903143129311501980e-04
4.488271474838256836e-01
1.237167418003082275e-01
1.197551786899566650e-01
-8.549378067255020142e-02
1.361951231956481934e-01
-2.708031982183456421e-02
-1.793179661035537720e-01
1.606765538454055786e-01
-1.200300082564353943e-02
3.206500113010406494e-01
3.098229505121707916e-02
9.599861502647399902e-02
4.458458125591278076e-01
1.554228812456130981e-01
9.679222106933593750e-02
1.677722483873367310e-01
5.811123549938201904e-02
-2.260112389922142029e-02
1.927331648766994476e-02
8.429280668497085571e-02
1.708459258079528809e-01
1.095169708132743835e-01
-9.591488167643547058e-03
4.578591510653495789e-02
-3.315374627709388733e-02
4.337348639965057373e-01
3.777103126049041748e-02
1.274471133947372437e-01
2.967233955860137939e-01
1.394806057214736938e-01
-7.827339321374893188e-02
7.647333201020956039e-03
7.316651940345764160e-02
1.800808161497116089e-01
3.971202969551086426e-01
4.089904129505157471e-01
6.777998059988021851e-02
4.955309927463531494e-01
2.989744544029235840e-01
-7.015597820281982422e-02
-5.899708718061447144e-02
1.437254101037979126e-01
-1.049799993634223938e-01
7.040891796350479126e-02
1.186549216508865356e-01
-1.404872816056013107e-02
-8.880931884050369263e-02
7.019161432981491089e-02
1.625978350639343262e-01
1.394806057214736938e-01
-1.825008988380432129e-01
3.238200768828392029e-02
-1.331603387370705605e-03
5.297615751624107361e-02
-3.676627948880195618e-02
1.671922206878662109e-02
2.933154106140136719e-01
3.924416750669479370e-02
-7.273189723491668701e-03
-7.000049203634262085e-02
5.320737883448600769e-02
-9.548782557249069214e-02
2.056079506874084473e-01
1.144015863537788391e-01
-5.243570730090141296e-02
-6.838428229093551636e-02
1.402230188250541687e-02
-5.451041273772716522e-03
3.427715003490447998e-01
2.265304327011108398e-01
-9.443531930446624756e-02
1.611065119504928589e-02
-2.913379855453968048e-02
4.202061891555786133e-01
3.372110724449157715e-01
3.468160629272460938e-01
-2.739563956856727600e-02
7.993186265230178833e-02
-2.565037831664085388e-02
7.203746587038040161e-02
-3.696322441101074219e-02
-5.107921734452247620e-02
1.739462912082672119e-01
-3.696322441101074219e-02
9.941802173852920532e-02
5.465663038194179535e-03
5.308006331324577332e-02
-4.738966375589370728e-02
3.437453880906105042e-02
1.323248893022537231e-01
4.092505201697349548e-02
1.761324107646942139e-01
-6.984048336744308472e-02
-5.602760240435600281e-02
1.440690457820892334e-01
-2.639545360580086708e-03
8.731564134359359741e-02
-2.797763794660568237e-02
-2.089160121977329254e-02
5.492363870143890381e-02
2.385059557855129242e-02
-3.495253995060920715e-02
-2.096018521115183830e-03
1.296268701553344727e-01
2.909593582153320312e-01
7.481102645397186279e-02
5.086320638656616211e-02
6.553857773542404175e-02
7.161364704370498657e-02
3.097924292087554932e-01
6.674349308013916016e-02
-2.390731126070022583e-02
1.997545734047889709e-02
6.263279914855957031e-02
2.287126630544662476e-01
-2.089160121977329254e-02
-6.922361999750137329e-02
4.513198435306549072e-01
1.166414245963096619e-01
1.011661216616630554e-01
-4.079182632267475128e-03
1.461179703474044800e-01
-4.055605083703994751e-02
1.266996413469314575e-01
3.479644656181335449e-02
5.492363870143890381e-02
-5.027312412858009338e-02
1.367357373237609863e-01
1.528903245925903320e-01
1.301350593566894531e-01
-1.200300082564353943e-02
-7.775758951902389526e-02
1.040600687265396118e-01
-8.023998886346817017e-02
-2.309181494638323784e-03
1.988741569221019745e-02
4.108836650848388672e-01
-8.768028020858764648e-02
-5.243570730090141296e-02
8.045978844165802002e-02
1.774939149618148804e-01
2.914984822273254395e-01
4.157556593418121338e-02
-3.540581837296485901e-02
8.441223204135894775e-02
1.079195644706487656e-02
-4.849924892187118530e-02
8.450756222009658813e-02
8.091155439615249634e-03
3.869928419589996338e-02
-8.022951334714889526e-02
2.176226861774921417e-02
2.304602861404418945e-01
-1.761984080076217651e-01
-6.684955209493637085e-02
4.798569977283477783e-01
-1.449986267834901810e-02
9.008239954710006714e-02
3.251069188117980957e-01
1.394806057214736938e-01
1.438753902912139893e-01
2.728472948074340820e-01
-1.847530528903007507e-02
