2.522289156913757324e-01
1.515093296766281128e-01
1.301203072071075439e-01
1.151954829692840576e-01
-5.183269083499908447e-02
-1.508592218160629272e-01
-4.405573382973670959e-02
1.639015376567840576e-01
-3.423541784286499023e-02
5.112650245428085327e-02
-5.148964934051036835e-03
7.814044505357742310e-02
1.631533727049827576e-02
-2.035047411918640137e-01
1.556966304779052734e-01
7.113033533096313477e-02
1.028309091925621033e-01
-6.872588768601417542e-03
-2.185745164752006531e-03
-7.073004543781280518e-02
-3.102199733257293701e-02
-2.084179141093045473e-05
4.474687203764915466e-02
-2.302810177206993103e-02
-4.107387363910675049e-02
3.061906062066555023e-02
-4.245704412460327148e-02
9.997527301311492920e-02
-1.943781413137912750e-02
3.240728974342346191e-01
-2.551906183362007141e-02
-2.366848476231098175e-02
2.491878271102905273e-01
-4.424364864826202393e-02
4.341455176472663879e-02
3.053746521472930908e-01
2.830330096185207367e-02
5.564182251691818237e-02
5.150721874088048935e-03
3.246561810374259949e-02
-2.427651435136795044e-01
-1.978939622640609741e-01
8.074023760855197906e-03
-2.860990539193153381e-02
-1.563910953700542450e-02
-1.578704863786697388e-01
1.406131237745285034e-01
3.256738558411598206e-02
6.913083791732788086e-02
-8.509370684623718262e-02
-5.303951725363731384e-02
-2.084179141093045473e-05
-6.182225421071052551e-02
4.810577258467674255e-02
-2.084179141093045473e-05
5.966714397072792053e-02
9.901832789182662964e-02
1.043234840035438538e-01
2.520219981670379639e-01
-2.638089060783386230e-01
4.721449315547943115e-02
-1.093809753656387329e-01
-2.587761580944061279e-01
1.086365133523941040e-01
-2.971129724755883217e-04
2.029729336500167847e-01
1.827444881200790405e-01
3.000438958406448364e-02
1.081257984042167664e-01
-2.529229521751403809e-01
-1.690711379051208496e-01
1.211349219083786011e-01
2.786747813224792480e-01
2.261696755886077881e-02
1.532897800207138062e-01
-9.604178369045257568e-02
-1.329831033945083618e-01
1.072589084506034851e-01
-1.324734538793563843e-01
1.433120816946029663e-01
3.095714747905731201e-02
8.911641687154769897e-02
-7.331179082393646240e-02
-4.816582798957824707e-02
4.199066758155822754e-01
6.977146863937377930e-02
3.618196025490760803e-02
4.471011087298393250e-02
2.345062419772148132e-02
2.339332923293113708e-02
3.313354402780532837e-02
4.132726415991783142e-02
2.614987194538116455e-01
-2.445797435939311981e-02
-8.604319393634796143e-02
-3.511438611894845963e-03
-1.957907676696777344e-01
-9.629432111978530884e-02
-1.912471950054168701e-01
7.630845159292221069e-02
1.428343057632446289e-01
2.144985646009445190e-01
5.732912197709083557e-02
1.755184307694435120e-02
1.055086106061935425e-01
1.132723465561866760e-01
-1.053962111473083496e-01
-7.363164424896240234e-02
2.374665141105651855e-01
-1.274860743433237076e-02
-1.465889811515808105e-01
3.179571405053138733e-02
-1.454744637012481689e-01
-1.066957120201550424e-04
3.997774422168731689e-02
2.268102616071701050e-01
-5.525293201208114624e-02
9.049517661333084106e-02
-4.450421035289764404e-02
5.888659879565238953e-02
8.707924187183380127e-02
-1.181026101112365723e-01
8.748738467693328857e-02
1.437027007341384888e-01
-2.732128277420997620e-02
9.906892478466033936e-02
-7.145212497562170029e-03
-1.258205324411392212e-01
-8.615865558385848999e-02
-3.042766638100147247e-02
1.352482438087463379e-01
-2.399486601352691650e-01
1.840075105428695679e-02
-1.105025783181190491e-01
1.492709293961524963e-02
-5.569488182663917542e-02
-8.755721896886825562e-02
-7.475081365555524826e-03
7.621862459927797318e-03
1.300028264522552490e-01
9.696719050407409668e-02
-1.996227949857711792e-01
-1.654661744832992554e-01
-3.829823574051260948e-03
4.417098313570022583e-02
-1.400001347064971924e-01
-1.377194225788116455e-01
1.301155686378479004e-01
-9.690908342599868774e-02
-1.079177670180797577e-02
-8.355189114809036255e-02
-2.098496817052364349e-02
-9.281176328659057617e-02
-1.377194225788116455e-01
1.285816729068756104e-01
6.907251477241516113e-02
-7.045812159776687622e-02
6.937001645565032959e-02
1.697942167520523071e-01
-7.062307000160217285e-02
1.347650885581970215e-01
1.012198552489280701e-01
-1.098202541470527649e-01
8.140482753515243530e-02
-1.062722280621528625e-01
2.400754392147064209e-02
7.692779600620269775e-02
9.103334695100784302e-02
-1.545128971338272095e-02
-1.020024120807647705e-01
2.219432443380355835e-01
-1.667015403509140015e-01
2.763754427433013916e-01
-1.974669285118579865e-02
4.642423242330551147e-02
-3.436659276485443115e-02
4.486651122570037842e-01
-8.041251450777053833e-02
6.803803844377398491e-04
-2.045290730893611908e-02
8.669021539390087128e-03
2.951557748019695282e-03
-1.355768144130706787e-01
6.634815782308578491e-02
1.033561900258064270e-01
1.805261522531509399e-01
7.054372131824493408e-02
7.730423659086227417e-02
4.394274950027465820e-02
3.103642957285046577e-03
1.380594223737716675e-01
-1.862431876361370087e-03
1.852900832891464233e-01
-1.606323271989822388e-01
3.082853183150291443e-02
-2.016198039054870605e-01
-1.627400368452072144e-01
1.267696470022201538e-01
-7.040251046419143677e-02
-1.077662333846092224e-01
6.552752107381820679e-02
7.081957161426544189e-02
-3.988312557339668274e-02
1.146417669951915741e-02
8.850105106830596924e-03
1.529967188835144043e-01
2.757273428142070770e-02
-4.801272228360176086e-02
-7.007454987615346909e-03
5.086120590567588806e-02
-2.886698208749294281e-02
-1.597499251365661621e-01
5.716116726398468018e-02
-8.989518880844116211e-02
1.821313798427581787e-02
-8.843957632780075073e-02
-2.428995445370674133e-02
2.264238595962524414e-01
2.854835093021392822e-01
1.135276854038238525e-01
-4.433103650808334351e-02
-3.777521662414073944e-03
-9.185001254081726074e-03
6.386181712150573730e-02
-9.281176328659057617e-02
-8.182048797607421875e-02
-1.512982845306396484e-01
-7.441508769989013672e-02
2.179716527462005615e-02
-1.208796203136444092e-01
-8.421638607978820801e-02
-1.601448655128479004e-01
-5.184898152947425842e-02
-8.295899257063865662e-03
8.025557547807693481e-02
-8.396974951028823853e-02
-2.745568379759788513e-02
5.578972399234771729e-02
-3.189785033464431763e-02
-7.339505106210708618e-02
3.956415057182312012e-01
2.973190248012542725e-01
1.370622217655181885e-01
5.804518237709999084e-02
-1.849281415343284607e-02
-1.831621825695037842e-01
4.980749264359474182e-02
2.961618602275848389e-01
-6.923314929008483887e-02
-1.832116395235061646e-02
4.257304966449737549e-02
9.589986503124237061e-02
1.810155361890792847e-01
-1.608199477195739746e-01
-1.887447685003280640e-01
4.164040461182594299e-02
-2.672108123078942299e-03
5.675888806581497192e-02
-6.860364973545074463e-02
-3.102199733257293701e-02
4.360594227910041809e-02
4.349892958998680115e-03
-3.379053622484207153e-02
-9.201370924711227417e-02
3.256738558411598206e-02
1.533787995576858521e-01
-7.677646726369857788e-02
-5.098694562911987305e-02
-1.075303331017494202e-01
2.532185055315494537e-02
2.807820141315460205e-01
-1.650468260049819946e-01
7.632495462894439697e-02
5.551031604409217834e-02
5.785277113318443298e-02
7.590097934007644653e-02
1.999218948185443878e-02
-1.571945846080780029e-01
-2.274062782526016235e-01
-1.016393080353736877e-01
1.063733734190464020e-02
2.104600146412849426e-02
5.932392925024032593e-02
5.906976759433746338e-02
5.853148549795150757e-02
3.034166805446147919e-02
-1.100651081651449203e-02
1.620766222476959229e-01
1.165055260062217712e-01
8.227150142192840576e-02
7.218876481056213379e-02
-6.000645831227302551e-02
-2.530524730682373047e-01
-2.209448367357254028e-01
9.773724526166915894e-02
1.868429929018020630e-01
-1.313043944537639618e-02
2.029437869787216187e-01
-2.982792817056179047e-02
-2.926448173820972443e-02
-2.157970070838928223e-01
-4.042946174740791321e-02
-1.891466230154037476e-01
2.697898447513580322e-02
1.175172701478004456e-01
1.167296022176742554e-01
3.997774422168731689e-02
-1.462904363870620728e-01
3.249121084809303284e-02
2.853115089237689972e-03
-3.891237080097198486e-02
5.427560955286026001e-02
-8.078557997941970825e-02
9.861948341131210327e-02
-3.102199733257293701e-02
-6.999143958091735840e-02
1.237182784825563431e-02
1.484420336782932281e-02
-3.706270828843116760e-02
-2.825293242931365967e-01
9.646271169185638428e-02
-1.094593331217765808e-01
-1.291971057653427124e-01
-6.108350120484828949e-03
8.714389801025390625e-02
1.252226438373327255e-02
-1.480840891599655151e-01
-3.268210962414741516e-02
9.051197767257690430e-02
-1.820727288722991943e-01
6.442078948020935059e-02
7.643280923366546631e-02
-9.585575014352798462e-02
2.265444248914718628e-01
-2.908387407660484314e-02
-1.791099831461906433e-02
1.161430627107620239e-01
2.830330096185207367e-02
9.972076117992401123e-02
8.405499160289764404e-02
1.590379327535629272e-01
3.422567993402481079e-02
-8.567692339420318604e-02
1.280485093593597412e-02
1.083558201789855957e-01
-3.084094822406768799e-01
-7.681540399789810181e-02
3.208581358194351196e-02
5.094101279973983765e-02
5.150721874088048935e-03
-2.662823768332600594e-03
-6.056858971714973450e-02
-1.705867587588727474e-03
3.695951700210571289e-01
1.947150230407714844e-01
5.937986448407173157e-02
-1.810605823993682861e-02
1.342267449945211411e-02
2.876089327037334442e-02
-8.871116489171981812e-02
-3.968118876218795776e-02
-7.688781619071960449e-02
-9.999828040599822998e-02
5.266517866402864456e-03
1.494270265102386475e-01
3.129978477954864502e-01
-9.473425894975662231e-02
1.525275558233261108e-01
-1.128222048282623291e-01
1.062091365456581116e-01
