0 0
-2.55081336162417e-005    2.16216216216216e-002
 1.23598501976880e-003    4.14414414414414e-002
 2.48356464572681e-003    7.20720720720721e-002
 3.73346319292265e-003    1.00900900900901e-001
 4.99031850383202e-003    1.24324324324324e-001
 6.23326028731434e-003    1.58558558558559e-001
 8.77016012151147e-003    1.87387387387387e-001
 1.12977842707572e-002    2.23423423423423e-001
 1.64179623639083e-002    2.45045045045045e-001
 2.15335026145837e-002    2.70270270270270e-001
 2.66490428652591e-002    2.95495495495495e-001
 3.17599452734588e-002    3.24324324324324e-001
 4.20234906721393e-002    3.49549549549550e-001
 4.96991199693902e-002    3.85585585585586e-001
 5.86803019235452e-002    4.07207207207207e-001
 6.76614838777001e-002    4.28828828828829e-001
 7.79203914339049e-002    4.57657657657658e-001
 8.94755759620624e-002    4.79279279279279e-001
 1.04877850823797e-001    5.11711711711712e-001
 1.21574083736246e-001    5.38738738738739e-001
 1.38265678806219e-001    5.69369369369369e-001
 1.52394865908379e-001    5.90990990990991e-001
 1.66521734089302e-001    6.14414414414414e-001
 1.79373195589412e-001    6.28828828828829e-001
 1.92222338168284e-001    6.45045045045045e-001
 2.10214848052686e-001    6.64864864864865e-001
 2.28207357937088e-001    6.84684684684685e-001
 2.46199867821489e-001    7.04504504504505e-001
 2.68051062645657e-001    7.26126126126126e-001
 2.91196215520540e-001    7.42342342342342e-001
 3.11762727978944e-001    7.62162162162162e-001
 3.29762194627059e-001    7.76576576576577e-001
 3.49048662562176e-001    7.90990990990991e-001
 3.69624450705532e-001    8.03603603603604e-001
 3.88910918640648e-001    8.18018018018018e-001
 4.18486440108062e-001    8.37837837837838e-001
 4.53212285644718e-001    8.55855855855856e-001
 4.77646758727840e-001    8.70270270270270e-001
 5.05946873514441e-001    8.81081081081081e-001
 5.35529351745568e-001    8.95495495495495e-001
 5.56112096652637e-001    9.02702702702703e-001
 5.76694841559706e-001    9.09909909909910e-001
 5.93418901527010e-001    9.15315315315315e-001
 6.19145013739608e-001    9.26126126126126e-001
 6.52595452595453e-001    9.35135135135135e-001
 6.78326202650527e-001    9.42342342342342e-001
 7.02769951418600e-001    9.49549549549550e-001
 7.27211381265435e-001    9.58558558558559e-001
 7.52944450241748e-001    9.63963963963964e-001
 7.74816515357056e-001    9.69369369369369e-001
 8.13419597203381e-001    9.74774774774775e-001
 8.39152666179693e-001    9.80180180180180e-001
 8.57163727433998e-001    9.85585585585586e-001
 8.75179426530778e-001    9.87387387387387e-001
 8.93192806706320e-001    9.90990990990991e-001
 9.13780189455865e-001    9.94594594594595e-001
 9.42089579927418e-001    9.98198198198198e-001
 9.49811587649426e-001    9.98198198198198e-001
 9.58820596658434e-001    9.98198198198198e-001
 9.67829605667443e-001    9.98198198198198e-001
 9.75551613389451e-001    9.98198198198198e-001
 9.85847623685462e-001    9.98198198198198e-001
1 1