 0    0
 5.07614213197970e-003    5.39007092198582e-002
 6.09137055837563e-003    7.23404255319149e-002
 9.13705583756345e-003    9.50354609929078e-002
 1.01522842639594e-002    1.04964539007092e-001
 1.52284263959391e-002    1.23404255319149e-001
 1.82741116751269e-002    1.40425531914894e-001
 2.23350253807107e-002    1.60283687943262e-001
 2.84263959390863e-002    1.81560283687943e-001
 3.45177664974619e-002    2.05673758865248e-001
 3.65482233502538e-002    2.15602836879433e-001
 4.06091370558376e-002    2.26950354609929e-001
 4.67005076142132e-002    2.39716312056738e-001
 5.07614213197970e-002    2.56737588652482e-001
 5.78680203045685e-002    2.72340425531915e-001
 6.49746192893401e-002    2.87943262411348e-001
 7.20812182741117e-002    3.03546099290780e-001
 7.61421319796954e-002    3.21985815602837e-001
 8.12182741116751e-002    3.31914893617021e-001
 8.73096446700508e-002    3.47517730496454e-001
 9.54314720812183e-002    3.67375886524823e-001
 1.01522842639594e-001    3.77304964539007e-001
 1.06598984771574e-001    3.90070921985816e-001
 1.11675126903553e-001    4.00000000000000e-001
 1.16751269035533e-001    4.08510638297872e-001
 1.21827411167513e-001    4.15602836879433e-001
 1.27918781725888e-001    4.25531914893617e-001
 1.32994923857868e-001    4.35460992907801e-001
 1.38071065989848e-001    4.43971631205674e-001
 1.44162436548223e-001    4.52482269503546e-001
 1.46192893401015e-001    4.62411347517731e-001
 1.51269035532995e-001    4.68085106382979e-001
 1.59390862944162e-001    4.75177304964539e-001
 1.64467005076142e-001    4.80851063829787e-001
 1.67512690355330e-001    4.90780141843972e-001
 1.72588832487310e-001    5.04964539007092e-001
 1.79695431472081e-001    5.12056737588652e-001
 1.89847715736041e-001    5.24822695035461e-001
 1.93908629441624e-001    5.40425531914894e-001
 2.02030456852792e-001    5.50354609929078e-001
 2.13197969543147e-001    5.58865248226950e-001
 2.19289340101523e-001    5.71631205673759e-001
 2.26395939086294e-001    5.82978723404255e-001
 2.36548223350254e-001    5.91489361702128e-001
 2.42639593908629e-001    6.00000000000000e-001
 2.49746192893401e-001    6.11347517730496e-001
 2.60913705583756e-001    6.24113475177305e-001
 2.73096446700508e-001    6.39716312056738e-001
 2.83248730964467e-001    6.49645390070922e-001
 2.91370558375635e-001    6.56737588652482e-001
 3.00507614213198e-001    6.69503546099291e-001
 3.10659898477157e-001    6.76595744680851e-001
 3.20812182741117e-001    6.87943262411348e-001
 3.30964467005076e-001    6.96453900709220e-001
 3.40101522842640e-001    7.04964539007092e-001
 3.52284263959391e-001    7.16312056737589e-001
 3.65482233502538e-001    7.24822695035461e-001
 3.77664974619289e-001    7.37588652482269e-001
 3.83756345177665e-001    7.41843971631206e-001
 3.89847715736041e-001    7.47517730496454e-001
 3.93908629441624e-001    7.51773049645390e-001
 3.97969543147208e-001    7.56028368794326e-001
 4.05076142131980e-001    7.60283687943262e-001
 4.09137055837563e-001    7.64539007092199e-001
 4.16243654822335e-001    7.70212765957447e-001
 4.20304568527919e-001    7.74468085106383e-001
 4.26395939086294e-001    7.78723404255319e-001
 4.32487309644670e-001    7.82978723404255e-001
 4.39593908629442e-001    7.88652482269504e-001
 4.55837563451777e-001    8.00000000000000e-001
 4.67005076142132e-001    8.07092198581560e-001
 4.78172588832487e-001    8.14184397163121e-001
 4.89340101522843e-001    8.21276595744681e-001
 4.99492385786802e-001    8.29787234042553e-001
 5.09644670050761e-001    8.35460992907801e-001
 5.20812182741117e-001    8.39716312056738e-001
 5.30964467005076e-001    8.46808510638298e-001
 5.42131979695431e-001    8.53900709219858e-001
 5.54314720812183e-001    8.59574468085106e-001
 5.71573604060914e-001    8.69503546099291e-001
 5.87817258883249e-001    8.80851063829787e-001
 6.07106598984772e-001    8.89361702127660e-001
 6.23350253807107e-001    8.95035460992908e-001
 6.51776649746193e-001    9.07801418439716e-001
 6.71065989847716e-001    9.14893617021277e-001
 6.91370558375635e-001    9.23404255319149e-001
 7.10659898477157e-001    9.31914893617021e-001
 7.26903553299492e-001    9.39007092198582e-001
 7.46192893401015e-001    9.46099290780142e-001
 7.67512690355330e-001    9.54609929078014e-001
 7.84771573604061e-001    9.60283687943262e-001
 8.15228426395939e-001    9.71631205673759e-001
 8.32487309644670e-001    9.77304964539007e-001
 8.47715736040609e-001    9.81560283687943e-001
 8.61928934010152e-001    9.84397163120567e-001
 8.79187817258883e-001    9.90070921985816e-001
 8.93401015228426e-001    9.92907801418440e-001
 9.03553299492386e-001    9.95744680851064e-001
 9.10659898477157e-001    9.95744680851064e-001
 9.24873096446700e-001    9.97163120567376e-001
 9.30964467005076e-001    9.97163120567376e-001
 9.37055837563452e-001    9.98581560283688e-001
 9.43147208121827e-001    1.00000000000000e+000
 9.53299492385787e-001    1.00000000000000e+000
 9.59390862944162e-001    1.00000000000000e+000
 9.69543147208122e-001    1.00000000000000e+000
 9.77664974619289e-001    1.00000000000000e+000
 9.82741116751269e-001    1.00000000000000e+000
 1			1
