 3.55646813690453e-003    1.48020117220497e-002
 4.48998687442332e-003    3.08548519149047e-002
 5.41050999146621e-003    4.32039402721283e-002
 6.32670123501713e-003    5.43184446841414e-002
 7.25155622555199e-003    6.79021169865755e-002
 9.04928372471810e-003    8.02544542489181e-002
 1.08643387178521e-002    9.75451272921026e-002
 1.35262749786655e-002    1.06196961623933e-001
 1.44597937161843e-002    1.22249801816788e-001
 1.62618530888424e-002    1.35836723024341e-001
 1.89367849701317e-002    1.48192309191802e-001
 2.16030531044371e-002    1.58078727468843e-001
 2.42823168592184e-002    1.71668897581515e-001
 2.69702443609837e-002    1.87728235584608e-001
 2.87636399866578e-002    1.98845988901740e-001
 3.14299081209632e-002    2.08732407178781e-001
 3.41048400022526e-002    2.21087993346242e-001
 3.85341806477884e-002    2.33450077323942e-001
 4.12134444025697e-002    2.47040247436614e-001
 4.47612487924903e-002    2.58164498563984e-001
 4.92035850585020e-002    2.74230334377315e-001
 5.36285938305458e-002    2.85357834409804e-001
 5.89394707316968e-002    2.98957751237833e-001
 6.42546795063397e-002    3.13792252011072e-001
 6.95655564074907e-002    3.27392168839101e-001
 7.31046970504273e-002    3.36047252076050e-001
 7.84112420780863e-002    3.48412584958869e-001
 8.54981871109436e-002    3.68191919323188e-001
 9.16862683942178e-002    3.81795085056336e-001
 9.96417540622144e-002    3.99108500435353e-001
 1.08470112238842e-001    4.15190580774279e-001
 1.15526734157256e-001    4.26327827522125e-001
 1.20824615437931e-001    4.36223992514523e-001
 1.27907228597296e-001    4.54768742933631e-001
 1.34082314260094e-001    4.64668156831148e-001
 1.46432485585691e-001    4.84466984626181e-001
 1.57010920653073e-001    4.99320978830134e-001
 1.64953410700594e-001    5.12930642373520e-001
 1.85215748959267e-001    5.37697046095466e-001
 2.01092065307325e-001    5.62447205291817e-001
 2.17832590417029e-001    5.83496861557655e-001
 2.29288229866535e-001    5.98354104666727e-001
 2.43384146209394e-001    6.15690262381577e-001
 2.58352935060884e-001    6.31795085056336e-001
 2.71567315148128e-001    6.47893409920857e-001
 2.83900158979757e-001    6.62753901935048e-001
 2.95338470935295e-001    6.72672809263278e-001
 3.19978167357600e-001    6.94986289620398e-001
 3.34938292462107e-001    7.08621944404736e-001
 3.47258140673260e-001    7.19778684583295e-001
 3.58687788881814e-001    7.27228424021105e-001
 3.69240232708244e-001    7.34674914553795e-001
 3.80678544663782e-001    7.44593821882026e-001
 3.93871265383566e-001    7.54519227020494e-001
 4.01792096063627e-001    7.61955970837828e-001
 4.08822726741088e-001    7.65685713914411e-001
 4.16739225547657e-001    7.71887873786534e-001
 4.25537260609841e-001    7.79327866508986e-001
 4.34335295672025e-001    7.86767859231439e-001
 4.51041165793794e-001    7.97940843935594e-001
 4.72137389699671e-001    8.10364657110554e-001
 4.87966055439317e-001    8.21534392909590e-001
 5.03799053052455e-001    8.33938712653836e-001
 5.18746182536485e-001    8.43870615602542e-001
 5.33693312020516e-001    8.53802518551248e-001
 5.46873037119824e-001    8.60024171854085e-001
 5.55662408435024e-001    8.64994996686117e-001
 5.67083392896594e-001    8.69975568233505e-001
 5.81144654251517e-001    8.77435054386672e-001
 6.02236546283902e-001    8.88624283616421e-001
 6.23332770189779e-001    9.01048096791381e-001
 6.38266904053334e-001    9.07276247904456e-001
 6.53201037916889e-001    9.13504399017531e-001
 6.69880916797706e-001    9.17269880050423e-001
 6.89214068192353e-001    9.27218027524724e-001
 7.07657019584400e-001    9.33459174258275e-001
 7.32244733524802e-001    9.40957647272869e-001
 7.55963906830065e-001    9.50922039272765e-001
 7.77047135115466e-001    9.59642100612094e-001
 8.05147998457853e-001    9.68388153192374e-001
 8.23586617976409e-001    9.73394715980714e-001
 8.42025237494964e-001    9.78401278769055e-001
 8.51683149445304e-001    9.80906184615784e-001
 8.64849878924136e-001    9.83424086082990e-001
 8.75389327130091e-001    9.87166824780049e-001
 8.83288498442692e-001    9.88430648871330e-001
 8.92064874137416e-001    9.89697721867731e-001
 8.99964045450017e-001    9.90961545959012e-001
 9.07867548636110e-001    9.93459953995503e-001
 9.15766719948711e-001    9.94723778086785e-001
 9.22793018752680e-001    9.97218937218157e-001
 9.34201007593774e-001    9.98495756929915e-001
 9.52626631491854e-001    9.99798567882624e-001
 9.67539105987949e-001    9.99853799269646e-001
 9.87719138650275e-001    1.00116310803259e+000
