4.671391472220420837e-02
-3.080522418022155762e-01
3.578980565071105957e-01
2.669999003410339355e-01
1.729881614446640015e-01
2.928222715854644775e-01
5.309311747550964355e-01
1.643528938293457031e-01
1.926597207784652710e-01
2.877795994281768799e-01
4.422710239887237549e-01
4.521007537841796875e-01
2.867134511470794678e-01
2.104927003383636475e-01
4.839105308055877686e-01
3.728151321411132812e-01
3.532601892948150635e-01
1.411340385675430298e-01
-5.693207494914531708e-03
3.227429091930389404e-01
1.681940555572509766e-01
1.330531835556030273e-01
1.394769698381423950e-01
-8.579103648662567139e-02
4.410053491592407227e-01
3.637824356555938721e-01
-1.557226032018661499e-01
1.850067377090454102e-01
-6.663093715906143188e-02
1.076585724949836731e-01
-9.050272055901587009e-04
5.328961834311485291e-02
-1.177625358104705811e-01
-2.257418036460876465e-01
1.232638880610466003e-01
2.211462706327438354e-01
4.070564508438110352e-01
-1.909214109182357788e-01
4.155705273151397705e-01
-7.994437217712402344e-02
1.665879935026168823e-01
1.100575923919677734e-02
3.086834847927093506e-01
3.779805302619934082e-01
-4.788965582847595215e-01
-6.658425927162170410e-02
7.219650596380233765e-02
-4.782355725765228271e-01
7.227981686592102051e-01
1.311915516853332520e-01
4.074026346206665039e-01
6.896297633647918701e-02
3.122776150703430176e-01
1.547746509313583374e-01
1.451714783906936646e-01
-9.773144125938415527e-02
-2.484836727380752563e-01
2.063448578119277954e-01
1.178388893604278564e-01
5.163404345512390137e-01
2.115381695330142975e-02
-1.057603210210800171e-01
2.298751026391983032e-01
-1.480972468852996826e-01
4.237609505653381348e-01
1.965224146842956543e-01
-1.943003237247467041e-01
3.134814202785491943e-01
-2.752928435802459717e-01
-1.137982532382011414e-01
3.674691021442413330e-01
2.099119722843170166e-01
1.639612168073654175e-01
3.921626210212707520e-01
4.034526050090789795e-01
2.563093304634094238e-01
4.191227555274963379e-01
5.794388055801391602e-02
-6.451163440942764282e-03
1.344460248947143555e-01
6.110924482345581055e-02
3.107390999794006348e-01
1.209586113691329956e-01
2.476083785295486450e-01
2.818911075592041016e-01
7.886473089456558228e-02
2.095392346382141113e-01
6.768087744712829590e-01
1.308074444532394409e-01
-1.810286194086074829e-01
2.155556529760360718e-01
1.773114651441574097e-01
-9.079033136367797852e-02
-2.685488760471343994e-01
8.168199658393859863e-02
1.173928603529930115e-01
-2.245578914880752563e-02
2.976535856723785400e-01
2.302180081605911255e-01
-1.361338943243026733e-01
-4.657804500311613083e-03
1.312658935785293579e-01
-1.816167682409286499e-01
1.091607213020324707e-01
3.454594612121582031e-01
1.848292350769042969e-01
2.510696947574615479e-01
-1.334765553474426270e-01
3.518183529376983643e-01
4.298970401287078857e-01
-2.502171099185943604e-01
-2.148008793592453003e-01
1.631452590227127075e-01
1.291643530130386353e-01
-1.537284702062606812e-01
1.321854442358016968e-01
3.897281885147094727e-01
2.919664382934570312e-01
4.563668072223663330e-01
2.234308123588562012e-01
3.220146000385284424e-01
-3.507626801729202271e-02
2.396503090858459473e-01
-7.739384472370147705e-02
1.466982811689376831e-01
-1.487529575824737549e-01
4.410053491592407227e-01
2.972804903984069824e-01
2.461906075477600098e-01
2.282564193010330200e-01
1.712813526391983032e-01
3.574057817459106445e-01
2.158296406269073486e-01
1.996547132730484009e-01
1.582018435001373291e-01
1.497747898101806641e-01
-2.443077601492404938e-02
3.447649478912353516e-01
1.217264588922262192e-02
1.848292350769042969e-01
-3.358262404799461365e-02
1.101667657494544983e-01
2.892553806304931641e-01
-1.299839615821838379e-01
4.699082970619201660e-01
1.203656271100044250e-01
-3.142220154404640198e-02
2.402801662683486938e-01
4.133592247962951660e-01
3.148984611034393311e-01
1.321145445108413696e-01
4.032586514949798584e-01
1.768371611833572388e-01
4.100457578897476196e-02
5.252154916524887085e-02
1.210326924920082092e-01
3.637824356555938721e-01
-2.527754008769989014e-01
7.226001471281051636e-02
1.101375892758369446e-01
8.194420486688613892e-02
3.212221264839172363e-01
2.030656188726425171e-01
-1.303132027387619019e-01
3.682666420936584473e-01
2.139853127300739288e-02
3.816143572330474854e-01
4.036900401115417480e-01
1.865261644124984741e-01
8.105945587158203125e-02
2.709053456783294678e-01
1.957870125770568848e-01
1.690603792667388916e-01
4.024954736232757568e-01
3.742643296718597412e-01
-1.644773036241531372e-01
4.712889716029167175e-02
2.261740267276763916e-01
-2.092590928077697754e-01
-2.669769227504730225e-01
-1.487529575824737549e-01
8.415935188531875610e-02
-2.345189601182937622e-01
2.803106904029846191e-01
2.277874499559402466e-01
1.675015538930892944e-01
-2.191639505326747894e-02
9.690963476896286011e-02
3.909623622894287109e-02
1.403714418411254883e-01
1.101925596594810486e-01
3.918831050395965576e-01
2.217811048030853271e-01
5.335592627525329590e-01
1.203523427248001099e-01
-1.977721750736236572e-01
-1.701081730425357819e-02
1.315545439720153809e-01
-6.465216726064682007e-02
2.514384388923645020e-01
-2.148008793592453003e-01
3.129588663578033447e-01
4.121021926403045654e-01
2.149611860513687134e-01
3.572100102901458740e-01
-2.192193567752838135e-01
4.863035976886749268e-01
3.041127510368824005e-02
-4.552548751235008240e-03
1.784655153751373291e-01
-7.134418189525604248e-02
1.289677470922470093e-01
2.903355360031127930e-01
3.481288552284240723e-01
5.187580361962318420e-02
-2.090745121240615845e-01
4.008102416992187500e-01
3.819730281829833984e-01
8.715942502021789551e-02
1.000611037015914917e-01
-1.009313091635704041e-01
2.445495575666427612e-01
-2.963459410239011049e-04
3.487533330917358398e-01
7.415152192115783691e-01
4.398778825998306274e-02
-9.260706603527069092e-02
1.347243636846542358e-01
-5.358655378222465515e-02
2.872578203678131104e-01
2.958973944187164307e-01
4.198867678642272949e-01
-5.495500564575195312e-02
-2.850268185138702393e-01
3.065232336521148682e-01
1.996517330408096313e-01
1.009402647614479065e-01
5.408677458763122559e-02
2.372817397117614746e-01
6.606024503707885742e-02
4.194153100252151489e-02
-1.863366812467575073e-01
2.037215828895568848e-01
-6.913840025663375854e-02
3.678508400917053223e-01
-4.019545763731002808e-02
2.119189500808715820e-01
1.397388726472854614e-01
6.664013024419546127e-03
4.659935534000396729e-01
2.669166326522827148e-01
1.859226375818252563e-01
-8.346842974424362183e-02
-9.465735405683517456e-02
4.242084920406341553e-01
-4.949970245361328125e-01
-1.848595738410949707e-01
1.334615498781204224e-01
3.237479031085968018e-01
1.257213205099105835e-01
1.958470344543457031e-01
6.300490349531173706e-02
3.657277822494506836e-01
-2.652372419834136963e-01
2.375826686620712280e-01
1.305170953273773193e-01
-2.195564061403274536e-01
-4.940172135829925537e-01
2.365016937255859375e-01
5.899906754493713379e-01
3.136931657791137695e-01
2.830790281295776367e-01
-3.748964965343475342e-01
8.025219291448593140e-02
-1.400172561407089233e-01
3.153168261051177979e-01
2.218720912933349609e-01
6.270635724067687988e-01
2.502081096172332764e-01
2.347978353500366211e-01
2.613982260227203369e-01
3.433690965175628662e-01
-2.946966290473937988e-01
-1.088760700076818466e-02
1.171664893627166748e-01
4.915570020675659180e-01
2.919664382934570312e-01
1.001571416854858398e-01
-6.393449008464813232e-02
2.578988373279571533e-01
2.294364422559738159e-01
9.920729696750640869e-02
-1.223417930305004120e-02
2.502081096172332764e-01
1.878914982080459595e-01
4.203542172908782959e-01
3.240638375282287598e-01
8.415935188531875610e-02
2.361231893301010132e-01
2.538977265357971191e-01
-1.915319412946701050e-01
5.824847891926765442e-02
1.631465107202529907e-01
3.473402559757232666e-01
3.425258994102478027e-01
1.235805824398994446e-01
2.898543328046798706e-02
3.641123697161674500e-02
3.430124744772911072e-02
1.444282233715057373e-01
-1.890626847743988037e-01
-1.241669580340385437e-01
1.457582116127014160e-01
-1.406801939010620117e-01
1.364891976118087769e-01
3.595566749572753906e-01
3.262126818299293518e-02
-2.070386707782745361e-02
2.894706428050994873e-01
-4.281275346875190735e-02
2.487271428108215332e-01
2.750063538551330566e-01
1.308074444532394409e-01
-1.697319187223911285e-02
3.101550340652465820e-01
1.164225265383720398e-01
2.093477249145507812e-01
2.905800044536590576e-01
4.273120760917663574e-01
-1.956581771373748779e-01
5.586261749267578125e-01
1.076585724949836731e-01
-6.916242092847824097e-02
1.819758862257003784e-01
7.156862318515777588e-02
3.602480590343475342e-01
1.308212429285049438e-01
3.230355978012084961e-01
2.365766763687133789e-01
1.500370949506759644e-01
2.655703425407409668e-01
-4.695484936237335205e-01
-5.399926006793975830e-02
1.204980239272117615e-01
9.718398749828338623e-02
1.076585724949836731e-01
-5.722396820783615112e-02
-4.115613549947738647e-02
-1.642130911350250244e-01
2.884352803230285645e-01
-3.946629166603088379e-02
6.707084178924560547e-02
1.867869645357131958e-01
-5.264860764145851135e-02
2.199919074773788452e-01
1.695035994052886963e-01
-4.788965582847595215e-01
2.683009505271911621e-01
2.783091366291046143e-01
6.829202175140380859e-02
1.518230587244033813e-01
-1.725327670574188232e-01
-2.932267189025878906e-01
3.713224530220031738e-01
7.055817842483520508e-01
2.055999934673309326e-01
-5.861278623342514038e-03
-1.175049468874931335e-01
1.362920105457305908e-01
2.226245701313018799e-01
2.796869277954101562e-01
-1.092787832021713257e-01
-1.164346095174551010e-02
4.730623960494995117e-02
6.065709888935089111e-02
2.991132140159606934e-01
1.938675940036773682e-01
1.528517454862594604e-01
2.079576551914215088e-01
8.694821596145629883e-02
5.240400508046150208e-02
4.230639431625604630e-03
