 0 0
 9.44175797270001e-003    2.28494623655914e-002
 1.13061353573688e-002    4.03225806451613e-002
 1.22268470343392e-002    5.51075268817204e-002
 1.12474750566199e-002    7.12365591397850e-002
 1.31118524412887e-002    8.87096774193548e-002
 1.49889820652507e-002    9.94623655913978e-002
 2.06713798943094e-002    1.04838709677419e-001
 2.34972761216870e-002    1.15591397849462e-001
 2.53693048499316e-002    1.29032258064516e-001
 2.72362326824590e-002    1.45161290322581e-001
 2.90904082756932e-002    1.68010752688172e-001
 3.28599702107690e-002    1.81451612903226e-001
 3.85423680398278e-002    1.86827956989247e-001
 4.61222990757177e-002    1.92204301075269e-001
 5.37098814551835e-002    1.93548387096774e-001
 6.03512476790924e-002    1.93548387096774e-001
 6.69798616637081e-002    2.00268817204301e-001
 7.07468731509253e-002    2.15053763440860e-001
 7.45266368774357e-002    2.23118279569892e-001
 7.82961988125115e-002    2.36559139784946e-001
 8.39632939544184e-002    2.50000000000000e-001
 8.58225704433699e-002    2.70161290322581e-001
 8.86331639835955e-002    2.88978494623656e-001
 9.04771377853951e-002    3.17204301075269e-001
 9.13901981187897e-002    3.36021505376344e-001
 9.32545755034584e-002    3.53494623655914e-001
 9.89369733325172e-002    3.58870967741936e-001
 1.00760543551448e-001    3.97849462365591e-001
 1.08343025035196e-001    4.01881720430108e-001
 1.10164044806268e-001    4.42204301075269e-001
 1.14882373344759e-001    4.55645161290323e-001
 1.21505886433658e-001    4.65053763440860e-001
 1.25247393442288e-001    4.93279569892473e-001
 1.42320091408051e-001    4.95967741935484e-001
 1.54582644712412e-001    5.33602150537634e-001
 1.76394074799535e-001    5.38978494623656e-001
 1.81107302442309e-001    5.55107526881720e-001
 1.96267164514089e-001    5.65860215053763e-001
 2.19960825120891e-001    5.79301075268817e-001
 2.22776519556834e-001    5.95430107526882e-001
 2.29394931750015e-001    6.07526881720430e-001
 2.35077329579074e-001    6.12903225806452e-001
 2.42664911958540e-001    6.14247311827957e-001
 2.53098794148252e-001    6.15591397849462e-001
 2.62578808838832e-001    6.19623655913979e-001
 2.73951255840526e-001    6.26344086021505e-001
 2.74856664830344e-001    6.49193548387097e-001
 2.87185529779029e-001    6.51881720430108e-001
 2.92850074473077e-001    6.66666666666667e-001
 3.06114953785885e-001    6.76075268817204e-001
 3.31708698047377e-001    6.88172043010753e-001
 3.54458692946481e-001    6.98924731182796e-001
 3.74377690722491e-001    7.01612903225806e-001
 3.78147252657567e-001    7.15053763440860e-001
 3.91422333761809e-001    7.19086021505376e-001
 3.97071575768705e-001    7.41935483870968e-001
 4.11287772132787e-001    7.50000000000000e-001
 4.38740792883230e-001    7.82258064516129e-001
 4.60549672522495e-001    7.88978494623656e-001
 4.65265450613128e-001    8.03763440860215e-001
 4.89920630062639e-001    8.10483870967742e-001
 4.98446777254086e-001    8.17204301075269e-001
 5.34492256840301e-001    8.21236559139785e-001
 5.58208871477831e-001    8.22580645161290e-001
 5.62939952255616e-001    8.29301075268817e-001
 5.77166350411132e-001    8.31989247311828e-001
 6.03729264858909e-001    8.33333333333333e-001
 6.12265613841791e-001    8.34677419354839e-001
 6.16981391932423e-001    8.49462365591398e-001
 6.53978188569913e-001    8.52150537634409e-001
 6.63035112299053e-001    8.56929510155317e-001
 6.82423333537369e-001    8.61559139784946e-001
 7.01380812470670e-001    8.70967741935484e-001
 7.17497092489441e-001    8.77688172043011e-001
 7.20317887821101e-001    8.91129032258065e-001
 7.39283018097978e-001    8.96505376344086e-001
 7.66787047805595e-001    9.01881720430108e-001
 7.76269612944033e-001    9.04569892473118e-001
 7.88555120279121e-001    9.30107526881720e-001
 8.02773867091061e-001    9.36827956989247e-001
 8.16054049091020e-001    9.38172043010753e-001
 8.17928628267124e-001    9.50268817204301e-001
 8.34055110077330e-001    9.51612903225806e-001
 8.46363571443145e-001    9.65053763440860e-001
 8.79567852114831e-001    9.66397849462366e-001
 8.84298932892616e-001    9.73118279569893e-001
 9.08956662789986e-001    9.78494623655914e-001
 9.24113974413907e-001    9.90591397849462e-001
 9.34545306155761e-001    9.93279569892473e-001
 9.44976637897615e-001    9.95967741935484e-001
 9.52561669829222e-001    9.98655913978495e-001
 9.59203036053131e-001    9.98655913978495e-001
 9.67739385036012e-001    1.00000000000000e+000
 9.76278284466752e-001    1.00000000000000e+000
 9.82919650690661e-001    1.00000000000000e+000
 9.92407316724817e-001    1.00000000000000e+000
 9.96202383138479e-001    1.00000000000000e+000
