0 0
-6.17137431758842e-005    1.93195664213941e-002
-1.80394018514123e-004    5.64664926022628e-002
-3.79776881082364e-004    1.18873328586122e-001
 4.81050716037661e-004    1.82767624020888e-001
 3.57623229685893e-004    2.21400427248991e-001
 6.72363319882902e-003    2.28839306907192e-001
 1.84286731545217e-002    2.31828467442044e-001
 2.79800617137432e-002    2.42243848405728e-001
 3.22114091304692e-002    2.51165440303821e-001
 4.49861539678772e-002    2.52670306195110e-001
 4.92032597515626e-002    2.66049529234908e-001
 5.34298599572751e-002    2.76456998180236e-001
 5.54458422343540e-002    3.12121212121212e-001
 7.46103330959728e-002    3.13635572434528e-001
 7.67022707492681e-002    3.25525753619748e-001
 9.47875623071446e-002    3.31496162671097e-001
 1.01134583432234e-001    3.44878550518237e-001
 1.34148271223989e-001    3.44927605032044e-001
 1.36055067647757e-001    4.14766991059419e-001
 1.42406835983859e-001    4.26663501859324e-001
 1.49852045256745e-001    4.29646332779492e-001
 1.50836300340217e-001    4.54907824986154e-001
 1.59336972861777e-001    4.60863992404462e-001
 1.63539837012422e-001    4.78700846585964e-001
 1.74170424875386e-001    4.84660178811615e-001
 1.79476224384841e-001    4.90611599018910e-001
 1.85851728776011e-001    4.95078724582641e-001
 2.17795711686051e-001    4.96612073740011e-001
 2.23087269562465e-001    5.07021125089010e-001
 2.29458026742622e-001    5.12974127699976e-001
 2.49677980852916e-001    5.17461824511433e-001
 2.66698314740090e-001    5.23430651159111e-001
 2.68790252393386e-001    5.35320832344331e-001
 2.77295672125959e-001    5.39791122715405e-001
 2.79401851412295e-001    5.47223672758921e-001
 2.90041933697286e-001    5.50211250890102e-001
 2.92152860194636e-001    5.56157923886383e-001
 2.95267030619511e-001    5.81422580900388e-001
 3.16561436822533e-001    5.82940106021046e-001
 3.19713584935517e-001    5.96317746657172e-001
 3.31418624891210e-001    5.99306907192025e-001
 3.31366405570061e-001    6.15651554711607e-001
 3.38797373209906e-001    6.23092016773479e-001
 3.52622834084975e-001    6.29056096210143e-001
 3.54653057995095e-001    6.60262679009415e-001
 3.61019067964238e-001    6.67701558667616e-001
 3.76988685813751e-001    6.69211171769919e-001
 3.92929820397183e-001    6.79636047155629e-001
 3.94964791518316e-001    7.09356752907667e-001
 4.10934409367830e-001    7.10866366009969e-001
 4.13054830287206e-001    7.13841284911781e-001
 4.34353983701242e-001    7.13872932985204e-001
 4.36460162987578e-001    7.21305483028721e-001
 4.51364823166390e-001    7.22813513727352e-001
 4.52420286415064e-001    7.25786850225493e-001
 4.64130073581771e-001    7.27290133713110e-001
 4.65147559142337e-001    7.42150486589129e-001
 4.70458105862806e-001    7.46616029749189e-001
 4.92812722525516e-001    7.49621014320753e-001
 5.07703141071287e-001    7.55586676161089e-001
 5.10850541973257e-001    7.70450193844450e-001
 5.19360708916845e-001    7.73434607168289e-001
 5.22531845873882e-001    7.80868739615476e-001
 5.48076588337685e-001    7.85364348445288e-001
 5.53368146214099e-001    7.95773399794288e-001
 5.59724661761215e-001    8.06184033546958e-001
 5.74619827518000e-001    8.10663818340059e-001
 5.77786217264024e-001    8.19583827834481e-001
 5.88421552338001e-001    8.24057283012897e-001
 6.00117097871667e-001    8.30018197642219e-001
 6.08617770393227e-001    8.35974365060527e-001
 6.17123190125801e-001    8.40444655431601e-001
 6.19224622201124e-001    8.49363082522351e-001
 6.66087506923016e-001    8.47946831236648e-001
 6.73518474562861e-001    8.55387293298520e-001
 6.76699105941926e-001    8.59849671651238e-001
 6.96928554474246e-001    8.61365614368225e-001
 7.01169396312999e-001    8.67315452171849e-001
 7.08614605585885e-001    8.70298283092017e-001
 7.16059814858770e-001    8.73281114012185e-001
 7.25639686684073e-001    8.74781232692460e-001
 7.33089643167972e-001    8.76278186565393e-001
 7.35210064087349e-001    8.79253105467205e-001
 7.39450905926102e-001    8.85202943270828e-001
 7.70329931165440e-001    8.86734710024527e-001
 7.75630983463882e-001    8.94172007279057e-001
 7.79867078091621e-001    9.01607722129915e-001
 7.89432708283883e-001    9.07565471951895e-001
 8.01137748239576e-001    9.10554632486747e-001
 8.18167576548778e-001    9.13551705039956e-001
 8.20245272569032e-001    9.29899517366880e-001
 8.53249465938761e-001    9.32920325975156e-001
 8.70284041458976e-001    9.34431521481130e-001
 8.75580346546404e-001    9.43354695782894e-001
 8.86206187198354e-001    9.50799905055780e-001
 8.90442281826094e-001    9.58235619906638e-001
 9.01077616900071e-001    9.62709075085054e-001
 9.06373921987499e-001    9.71632249386819e-001
 9.61751720863992e-001    9.71714534377720e-001
 9.65983068280718e-001    9.80636126275813e-001
 9.68070258723000e-001    9.94012184508268e-001
 9.72311100561753e-001    9.99962022311892e-001
 9.80830761927368e-001    9.99974681541261e-001
 9.87220507951578e-001    9.99984175963288e-001
 9.92545296305087e-001    9.99992087981644e-001
