5.514111369848251343e-02
-8.858589082956314087e-02
-1.351224724203348160e-02
3.724091947078704834e-01
1.607645153999328613e-01
-2.908333241939544678e-01
4.548975732177495956e-03
-1.185426265001296997e-01
-2.645196765661239624e-02
1.359242349863052368e-01
2.940584123134613037e-01
2.874591052532196045e-01
-1.457236111164093018e-01
1.461444795131683350e-01
1.310624629259109497e-01
4.979510977864265442e-02
-1.079733893275260925e-01
2.066086381673812866e-01
1.099473908543586731e-01
-1.926221884787082672e-02
1.469316054135560989e-02
1.477271467447280884e-01
2.973298355937004089e-02
-2.105122804641723633e-01
-5.889815092086791992e-02
4.034189507365226746e-02
-1.783243753015995026e-02
-3.328602015972137451e-01
3.557309806346893311e-01
1.398995667695999146e-01
3.201194405555725098e-01
5.771821737289428711e-02
-2.706147730350494385e-01
-3.118092715740203857e-01
2.404741197824478149e-01
1.880947202444076538e-01
2.641309201717376709e-01
1.494349688291549683e-01
-5.318669602274894714e-02
-5.957796797156333923e-02
-1.796621978282928467e-01
5.273403227329254150e-02
2.316932007670402527e-02
-2.040660008788108826e-02
-6.854618340730667114e-02
1.627696454524993896e-01
1.243542656302452087e-01
-4.643879458308219910e-02
1.216589137911796570e-01
1.363752633333206177e-01
-1.127599775791168213e-01
-8.948326855897903442e-02
4.540339708328247070e-01
2.459442056715488434e-02
-3.028555773198604584e-02
1.177756190299987793e-01
-4.677341319620609283e-03
-1.386913061141967773e-01
-3.398571908473968506e-02
2.929979860782623291e-01
2.227008044719696045e-01
-9.673152863979339600e-02
4.072173833847045898e-01
-3.157688304781913757e-02
-1.768935024738311768e-01
-1.352585554122924805e-01
-1.165365874767303467e-01
1.326777134090662003e-02
2.910620570182800293e-01
6.267454475164413452e-02
2.680903375148773193e-01
-3.893739730119705200e-02
-2.635797485709190369e-02
-9.004279971122741699e-02
4.340898096561431885e-01
-3.244244307279586792e-02
-7.535395026206970215e-02
7.737968862056732178e-02
1.039131656289100647e-01
-4.160568118095397949e-03
-8.744744956493377686e-02
6.277671456336975098e-02
3.339532017707824707e-02
-7.831161469221115112e-02
8.640225976705551147e-02
-2.150167077779769897e-01
8.112686127424240112e-02
-4.268876314163208008e-01
-2.597705721855163574e-01
1.097434014081954956e-01
1.260186880826950073e-01
-6.884168088436126709e-02
-1.524839550256729126e-01
-2.630139291286468506e-01
7.171232253313064575e-02
2.920784354209899902e-01
4.501312971115112305e-01
9.434991329908370972e-02
9.071642905473709106e-02
-2.042691558599472046e-01
5.771821737289428711e-02
-2.229099348187446594e-02
-4.671679064631462097e-02
-5.732033401727676392e-02
3.654192686080932617e-01
5.742660909891128540e-02
2.087560147047042847e-01
-1.650711148977279663e-01
-1.583710461854934692e-01
1.409834921360015869e-01
2.649681866168975830e-01
-4.606302361935377121e-03
5.518988706171512604e-03
6.822098046541213989e-02
-1.428859829902648926e-01
6.260198354721069336e-02
2.175057232379913330e-01
4.252257645130157471e-01
2.427064180374145508e-01
-2.298711985349655151e-02
3.393660783767700195e-01
-1.274923086166381836e-01
-5.166117846965789795e-02
2.136369645595550537e-01
3.621260523796081543e-01
-2.096422463655471802e-01
1.690747290849685669e-01
-9.043762087821960449e-02
-9.665112197399139404e-02
3.580236136913299561e-01
2.953829802572727203e-02
1.425528712570667267e-02
-3.547250479459762573e-02
2.609917223453521729e-01
1.319533437490463257e-01
-1.900969296693801880e-01
4.183588027954101562e-01
2.423782795667648315e-01
-1.398178637027740479e-01
2.847249805927276611e-01
2.548870071768760681e-02
-3.819015920162200928e-01
1.153066307306289673e-01
1.121831908822059631e-01
8.698329329490661621e-02
2.574443221092224121e-01
3.934830129146575928e-01
1.964988410472869873e-01
-3.323471546173095703e-02
-2.399561852216720581e-01
-2.518776059150695801e-02
-1.893940567970275879e-01
1.020960211753845215e-01
-2.979143857955932617e-01
9.258975833654403687e-02
-2.386186830699443817e-02
1.158928871154785156e-01
-5.054881051182746887e-02
4.598095715045928955e-01
2.737300395965576172e-01
2.727296762168407440e-02
2.057894766330718994e-01
-1.193718910217285156e-01
-1.927389055490493774e-01
-8.642384409904479980e-02
7.562571018934249878e-02
-1.698293387889862061e-01
1.854311558417975903e-03
-1.536654680967330933e-01
4.930112138390541077e-02
-4.120925813913345337e-02
-2.205767482519149780e-01
1.628771722316741943e-01
3.744800686836242676e-01
-1.336085647344589233e-01
6.965192407369613647e-02
1.189045794308185577e-02
7.520940154790878296e-02
4.892900586128234863e-01
3.159638345241546631e-01
9.291156381368637085e-02
-8.831906318664550781e-02
2.755659818649291992e-01
-2.298711985349655151e-02
1.014581546187400818e-01
-1.617420017719268799e-01
-1.784958094358444214e-01
3.506290018558502197e-01
3.596355915069580078e-01
-1.948505342006683350e-01
3.755794167518615723e-01
-1.381278969347476959e-02
2.767634391784667969e-01
1.506074070930480957e-01
-5.183819681406021118e-02
2.692082524299621582e-01
3.339532017707824707e-02
2.915479242801666260e-01
1.691375970840454102e-01
-2.095180004835128784e-02
-2.219480425119400024e-01
6.642842292785644531e-02
2.860941179096698761e-02
-2.611839175224304199e-01
4.058252274990081787e-02
1.775031536817550659e-01
2.592187225818634033e-01
1.982942596077919006e-02
1.162598356604576111e-01
3.466104567050933838e-01
1.959940791130065918e-01
-2.582788765430450439e-01
-6.707116030156612396e-03
2.191319502890110016e-02
3.589943349361419678e-01
-4.118421673774719238e-02
-1.908050924539566040e-01
5.167911760509014130e-03
-3.328602015972137451e-01
-1.846733093261718750e-01
-2.203195840120315552e-01
4.491491615772247314e-01
-1.830858886241912842e-01
-7.384399324655532837e-02
2.117197066545486450e-01
-5.621679872274398804e-02
-4.554302245378494263e-02
-9.972339123487472534e-02
-5.169449001550674438e-02
-3.217187225818634033e-01
1.699231117963790894e-01
1.661991328001022339e-01
-4.838173836469650269e-02
-1.900969296693801880e-01
4.353753030300140381e-01
1.178954318165779114e-01
8.698329329490661621e-02
-1.300549041479825974e-02
5.608429666608572006e-03
-1.096904799342155457e-01
-5.867216736078262329e-02
2.556175291538238525e-01
-1.731566339731216431e-01
-3.057540357112884521e-01
5.978886038064956665e-02
-2.762384414672851562e-01
2.816152572631835938e-01
8.157195895910263062e-02
1.314546018838882446e-01
1.646287180483341217e-02
-5.396082624793052673e-02
1.730816215276718140e-01
4.659792184829711914e-01
-8.301170542836189270e-03
-2.306912392377853394e-01
1.646354496479034424e-01
-2.202449738979339600e-01
-2.632129751145839691e-02
4.521643277257680893e-03
2.241382375359535217e-02
1.391490399837493896e-01
-1.863059699535369873e-01
2.566595971584320068e-01
-2.717387080192565918e-01
-5.342227593064308167e-02
4.184927940368652344e-01
-1.199128702282905579e-01
2.348650805652141571e-02
-6.743814796209335327e-02
-1.209900006651878357e-01
-1.926221884787082672e-02
2.505090646445751190e-02
-1.947467923164367676e-01
3.078407645225524902e-01
7.316787727177143097e-03
1.829741895198822021e-01
4.937821328639984131e-01
-1.419496238231658936e-01
2.107145078480243683e-02
-7.131474465131759644e-02
7.604301720857620239e-02
3.829510807991027832e-01
-3.970102220773696899e-02
3.038912713527679443e-01
-9.864246100187301636e-02
-5.166117846965789795e-02
5.856500864028930664e-01
1.628771722316741943e-01
-1.920746713876724243e-01
2.321512624621391296e-02
-1.546214520931243896e-02
-1.483631432056427002e-01
2.919937372207641602e-01
-2.456370294094085693e-01
-7.352305948734283447e-02
-9.853874891996383667e-02
-3.457581251859664917e-02
4.034189507365226746e-02
4.217294752597808838e-01
2.435511648654937744e-01
1.690747290849685669e-01
1.402027010917663574e-01
1.265055835247039795e-01
4.566739499568939209e-01
3.229068517684936523e-01
3.784981966018676758e-01
-1.965537518262863159e-01
8.126907981932163239e-03
-1.262458711862564087e-01
4.470673501491546631e-01
3.014543354511260986e-01
3.899636566638946533e-01
4.194976389408111572e-01
4.157533049583435059e-01
1.875283122062683105e-01
5.948980450630187988e-01
1.092421635985374451e-01
-3.247573375701904297e-01
2.590944170951843262e-01
-9.861531108617782593e-02
2.814434170722961426e-01
-2.389614237472414970e-03
-3.578833639621734619e-01
1.812142282724380493e-01
1.826290637254714966e-01
2.854552567005157471e-01
2.813768982887268066e-01
-8.087298274040222168e-02
-1.706638485193252563e-01
1.622076630592346191e-01
2.893986999988555908e-01
5.752768367528915405e-02
-1.656282395124435425e-01
-2.608811259269714355e-01
6.279157102108001709e-02
9.090340882539749146e-02
2.041783556342124939e-02
-1.391510218381881714e-01
-2.963749170303344727e-01
-1.324710398912429810e-01
-1.595788449048995972e-01
-2.173396758735179901e-02
-2.752674520015716553e-01
-4.736233130097389221e-02
6.047607585787773132e-02
2.110580801963806152e-01
-4.276342317461967468e-02
-1.999107599258422852e-01
1.282840818166732788e-01
-2.782166004180908203e-01
2.645156979560852051e-01
3.313958644866943359e-01
1.683397218585014343e-02
1.151721179485321045e-01
-1.263384670019149780e-01
-6.443460285663604736e-02
2.630321979522705078e-01
2.518157958984375000e-01
-4.091891646385192871e-02
9.107954800128936768e-02
-8.437509089708328247e-02
-4.830706864595413208e-02
2.851484119892120361e-01
7.668579928576946259e-03
4.221260547637939453e-03
2.578755319118499756e-01
4.715914428234100342e-01
1.096997112035751343e-01
8.720434457063674927e-02
-2.542806863784790039e-01
1.268486529588699341e-01
-6.551708281040191650e-02
8.233649283647537231e-02
-2.471900545060634613e-02
8.157195895910263062e-02
3.639541566371917725e-02
5.292290076613426208e-02
-1.624636165797710419e-02
2.099535465240478516e-01
-8.487483859062194824e-02
3.201848268508911133e-01
3.238725066184997559e-01
2.444318383932113647e-01
5.164614412933588028e-03
3.394666910171508789e-01
2.702660560607910156e-01
-1.351012438535690308e-01
-1.045509278774261475e-01
2.375825643539428711e-01
2.266739308834075928e-01
6.146967411041259766e-01
1.204805001616477966e-01
-1.178882718086242676e-01
-1.168918162584304810e-01
3.229068517684936523e-01
2.031159698963165283e-01
4.382892549037933350e-01
2.335491180419921875e-01
-7.060782611370086670e-02
4.773087799549102783e-01
1.548902988433837891e-01
-3.198625147342681885e-01
2.109724283218383789e-01
-2.059385478496551514e-01
-1.819262206554412842e-01
-4.339590296149253845e-02
3.001312017440795898e-01
2.020271122455596924e-01
-1.276515722274780273e-01
-3.603138774633407593e-02
4.031062424182891846e-01
-5.537570267915725708e-02
-2.758865654468536377e-01
2.641309201717376709e-01
1.425528712570667267e-02
5.071567371487617493e-02
-1.587897986173629761e-01
-1.161000058054924011e-01
2.549988925457000732e-01
-7.938742637634277344e-02
5.245218873023986816e-01
-4.645127803087234497e-03
9.911136329174041748e-02
1.988737732172012329e-01
-6.359928846359252930e-02
3.431041538715362549e-01
2.824257314205169678e-01
-7.945486158132553101e-02
1.799084395170211792e-01
6.982849538326263428e-02
3.832567036151885986e-01
3.419347703456878662e-01
-2.391778975725173950e-01
2.705654501914978027e-01
3.313969969749450684e-01
4.376389384269714355e-01
1.377137303352355957e-01
8.237591385841369629e-02
2.828440368175506592e-01
-8.072479069232940674e-02
2.223604172468185425e-01
2.015469074249267578e-01
3.049760758876800537e-01
5.516353622078895569e-02
-2.418073080480098724e-02
2.235324829816818237e-01
3.557309806346893311e-01
2.615190446376800537e-01
4.609631597995758057e-01
8.987209945917129517e-02
-1.010780595242977142e-02
5.623581260442733765e-02
9.131466597318649292e-02
1.819458901882171631e-01
1.535995006561279297e-01
-2.828386425971984863e-01
-3.032161295413970947e-01
-1.696035452187061310e-02
-1.687120497226715088e-01
-2.655244469642639160e-01
2.820001244544982910e-01
-1.467809826135635376e-01
2.609917223453521729e-01
-1.800774335861206055e-01
-2.090920209884643555e-01
2.685008943080902100e-02
6.053535640239715576e-02
3.107897639274597168e-01
-4.362136125564575195e-02
-1.036761212162673473e-03
7.878459990024566650e-02
1.129343062639236450e-01
-6.767360866069793701e-02
-4.970915243029594421e-02
1.858535706996917725e-01
4.820088148117065430e-01
1.795514225959777832e-01
-1.825869530439376831e-01
-3.328602015972137451e-01
-1.403314024209976196e-01
-9.071689099073410034e-02
-1.932840943336486816e-01
4.130279421806335449e-01
8.278706669807434082e-02
-4.188193753361701965e-02
-8.111368119716644287e-02
2.070882171392440796e-01
-2.264626473188400269e-01
3.534215316176414490e-02
-2.017129659652709961e-01
-6.835255026817321777e-02
2.954244054853916168e-02
5.771821737289428711e-02
-2.611839175224304199e-01
2.704936265945434570e-01
-1.487935632467269897e-01
2.965340614318847656e-01
2.882727682590484619e-01
2.888931035995483398e-01
2.086131423711776733e-01
3.784981966018676758e-01
1.796248368918895721e-02
-1.427962034940719604e-01
-1.780766844749450684e-01
2.350608408451080322e-01
-2.754058688879013062e-02
7.851233333349227905e-02
2.222155928611755371e-01
4.588638246059417725e-01
1.204968169331550598e-01
3.610111773014068604e-02
2.600060105323791504e-01
-1.118363961577415466e-01
1.133182495832443237e-01
-1.367258839309215546e-02
-1.376933753490447998e-01
1.598371267318725586e-01
4.616287946701049805e-01
-2.993261218070983887e-01
4.384228587150573730e-01
2.172558158636093140e-01
2.253440022468566895e-01
-1.246370226144790649e-01
-1.260092258453369141e-01
1.390219777822494507e-01
4.879365488886833191e-02
4.997681975364685059e-01
-4.647196829319000244e-02
-1.374054886400699615e-02
3.891003429889678955e-01
1.353036910295486450e-01
-5.749914795160293579e-03
