0 0
 4.12954068599351e-003    2.22797624679293e-002
 6.39466610270424e-003    6.68448528225021e-002
 1.14146737829821e-002    7.10161341488527e-002
 2.44099264808188e-002    7.23907925712791e-002
 2.94716748014537e-002    8.35258040638687e-002
 3.17201039620216e-002    1.25305402351946e-001
 4.47320529160011e-002    1.29465552840868e-001
 4.88115048335662e-002    1.43387447754632e-001
 5.09263639449914e-002    1.62883109510744e-001
 5.40151713314151e-002    1.78199141812434e-001
 5.91353565485499e-002    1.99083375537759e-001
 6.62368308279673e-002    2.17179334487230e-001
 6.83349936832498e-002    2.33889504176847e-001
 7.24144456008148e-002    2.47811399090611e-001
 8.04314312587308e-002    2.51978506352925e-001
 8.06317863324447e-002    2.85404411150873e-001
 8.86738163745749e-002    2.93749756512931e-001
 9.57752906539924e-002    3.11845715462403e-001
 1.00862083358842e-001    3.27158965054736e-001
 1.05948876063691e-001    3.42472214647069e-001
 1.07056394387832e-001    3.60576521724612e-001
 1.09154557243114e-001    3.77286691414229e-001
 1.20252002159382e-001    3.95377084944986e-001
 1.28352469098013e-001    4.13471652539779e-001
 1.32423572887506e-001    4.26000801420295e-001
 1.34488343230503e-001    4.37139986976920e-001
 1.39541743423066e-001    4.46882252436262e-001
 1.42605506425276e-001    4.58020046638209e-001
 1.52637173657760e-001    4.64969863257662e-001
 1.53811477006473e-001    4.94216138601188e-001
 1.64825440642027e-001    4.98379071799467e-001
 1.67864159260022e-001    5.05338627901670e-001
 1.85862723381994e-001    5.08099075583952e-001
 1.93888057167981e-001    5.13658928879514e-001
 1.97942464701332e-001    5.23402585693535e-001
 2.02055309131183e-001    5.42895464740290e-001
 2.08124398239102e-001    5.55421830911449e-001
 2.15184131878162e-001    5.66554059694681e-001
 2.31209755065922e-001    5.73495528186063e-001
 2.40234081511122e-001    5.79053990126947e-001
 2.44296837172545e-001    5.90190392974215e-001
 2.50340881896249e-001    5.98538521045631e-001
 2.57383919279167e-001    6.06885257762368e-001
 2.59473734006378e-001    6.22202681418737e-001
 2.72494031088429e-001    6.27755577940906e-001
 2.99583706680172e-001    6.47216455830054e-001
 3.04662151256950e-001    6.61136959389140e-001
 3.14702166617505e-001    6.69479522041841e-001
 3.16775285088574e-001    6.82011453631714e-001
 3.25807959661845e-001    6.88962661605846e-001
 3.48918360872880e-001    7.11214596980204e-001
 3.66933621250995e-001    7.16760536728981e-001
 3.71995369571630e-001    7.27895548221570e-001
 3.83017681335255e-001    7.33451227453097e-001
 4.05012216094078e-001    7.36206109716665e-001
 4.11039564561640e-001    7.41768745721584e-001
 4.20080587262983e-001    7.50112699728964e-001
 4.23127654009049e-001    7.58465001864415e-001
 4.28147661689327e-001    7.62636283190766e-001
 4.44148240492873e-001    7.65399513582404e-001
 4.49218336941580e-001    7.77927271108242e-001
 4.60223952449063e-001    7.80697458273273e-001
 4.84224820654382e-001    7.84842303860731e-001
 4.85399124003094e-001    8.14088579204256e-001
 4.96404739510577e-001    8.16858766369288e-001
 5.01466487831212e-001    8.27993777861877e-001
 5.07510532554917e-001    8.36341905933293e-001
 5.12563932747480e-001    8.46084171392635e-001
 6.06485938969618e-001    8.48738876119345e-001
 6.11530991034110e-001    8.57088395545439e-001
 6.67474579950023e-001    8.57010479683439e-001
 6.70504950439946e-001    8.62577289752395e-001
 6.82509558606642e-001    8.65346085562747e-001
 6.83575336290426e-001    8.76486662474051e-001
 7.34540658166417e-001    8.79201195451940e-001
 7.42557643824333e-001    8.83368302714255e-001
 7.50591325738392e-001    8.90320902043065e-001
 7.72585860497215e-001    8.93075784306632e-001
 7.72677689906000e-001    9.08395990672358e-001
 7.89685609496831e-001    9.12550575742566e-001
 8.09682158937228e-001    9.15308240715490e-001
 8.20704470700853e-001    9.20863919947017e-001
 8.28713108230698e-001    9.23638281176084e-001
 8.36721745760542e-001    9.26412642405151e-001
 8.43739738759246e-001    9.30581141022145e-001
 8.44772123930744e-001    9.36150733800457e-001
 8.62779036180787e-001    9.40303927515987e-001
 8.75799333262838e-001    9.45856824038157e-001
 8.79828696411975e-001    9.51422242752433e-001
 8.82850718773827e-001    9.55596306788141e-001
 8.86896778179106e-001    9.63947217568914e-001
 8.92907430390525e-001    9.66724361507338e-001
 8.99908727133086e-001    9.68107368057836e-001
 9.05919379344505e-001    9.70884511996260e-001
 9.11930031555924e-001    9.73661655934684e-001
 9.18939676426556e-001    9.76437408518430e-001
 9.25940973169116e-001    9.77820415068928e-001
 9.31943277252464e-001    9.79204812974104e-001
 9.38952922123096e-001    9.81980565557850e-001
 9.42973937144161e-001    9.86153238238879e-001
 9.55003589695071e-001    9.93100272148975e-001
 9.63003879096844e-001    9.94481887344794e-001
 9.72011509285901e-001    9.97254857219183e-001
 9.84007769324525e-001    9.98630906996288e-001
 1.00000000000000e+000    1.00000139135468e+000
