5.102093890309333801e-02
2.553873360157012939e-01
4.575307965278625488e-01
-7.529044896364212036e-02
-1.228893473744392395e-01
-2.838679403066635132e-02
-4.293778538703918457e-02
-2.073675692081451416e-01
6.964426487684249878e-02
1.074965000152587891e-01
-1.333777047693729401e-02
-1.494792401790618896e-01
7.671039551496505737e-02
3.590029478073120117e-02
2.310478687286376953e-02
2.476951181888580322e-01
-3.294702991843223572e-02
4.389349371194839478e-02
-3.661763295531272888e-02
1.464784294366836548e-01
-6.559276580810546875e-02
7.807292044162750244e-02
-3.155711665749549866e-02
1.073469147086143494e-01
-1.434378698468208313e-02
3.735984489321708679e-02
5.203645303845405579e-02
4.997985959053039551e-01
3.717615008354187012e-01
-1.171057447791099548e-01
-2.330303490161895752e-01
1.446218341588973999e-01
1.453166827559471130e-02
-4.923271015286445618e-02
2.054444700479507446e-01
1.087083816528320312e-01
2.351700067520141602e-01
3.578824922442436218e-02
-6.454218924045562744e-02
-1.219771243631839752e-02
-2.082603797316551208e-02
3.287361562252044678e-02
1.240558698773384094e-01
2.157515846192836761e-02
2.124594748020172119e-01
1.083271875977516174e-01
1.581914275884628296e-01
-9.472978115081787109e-02
3.678547218441963196e-02
1.991811096668243408e-01
5.751655995845794678e-02
-1.821053624153137207e-01
3.336146706715226173e-03
-8.020468801259994507e-02
2.473460584878921509e-01
-7.859573699533939362e-03
-1.476686000823974609e-01
1.015503630042076111e-01
3.569078147411346436e-01
-9.164493530988693237e-03
2.637176215648651123e-02
1.959964931011199951e-01
7.038798183202743530e-02
2.040167152881622314e-01
-4.170377552509307861e-02
3.447139263153076172e-02
4.867942035198211670e-01
3.351100161671638489e-02
7.021079212427139282e-02
1.988988369703292847e-01
-6.822981685400009155e-02
2.880303002893924713e-02
3.118455111980438232e-01
-1.257778331637382507e-02
1.155264452099800110e-01
8.962780237197875977e-02
-2.668670751154422760e-02
8.998285233974456787e-02
1.314321253448724747e-02
2.804405093193054199e-01
4.690694436430931091e-02
1.971645355224609375e-01
-5.242985207587480545e-03
-6.372032221406698227e-03
4.351415857672691345e-02
-1.457345336675643921e-01
9.613303840160369873e-02
8.549228310585021973e-02
4.106300696730613708e-02
4.103840515017509460e-02
1.542464364320039749e-03
1.085991337895393372e-01
-3.076603263616561890e-02
-4.914664849638938904e-02
1.870539039373397827e-02
1.809562593698501587e-01
1.038341820240020752e-01
9.141094237565994263e-02
2.463926002383232117e-02
5.787412822246551514e-02
2.515313029289245605e-01
1.452473551034927368e-01
-1.691030897200107574e-02
3.922736942768096924e-01
2.536501288414001465e-01
-9.702956676483154297e-02
4.422700107097625732e-01
3.785646259784698486e-01
1.412167400121688843e-01
1.057140380144119263e-01
1.236043944954872131e-01
4.860656261444091797e-01
5.241439118981361389e-02
-4.170377552509307861e-02
2.982078194618225098e-01
-2.328510135412216187e-01
6.376100704073905945e-03
5.825386196374893188e-02
5.710229277610778809e-02
7.218218594789505005e-02
1.134042367339134216e-01
-7.282210886478424072e-02
2.434431016445159912e-01
1.476650089025497437e-01
2.041909247636795044e-01
4.421552643179893494e-02
9.451543539762496948e-02
-6.040050461888313293e-02
4.616489261388778687e-02
4.628619179129600525e-03
-1.206795722246170044e-01
1.205735951662063599e-01
1.083588972687721252e-01
1.986532360315322876e-01
1.083271875977516174e-01
-1.143324375152587891e-01
-6.405749917030334473e-02
-6.565929204225540161e-02
4.684794247150421143e-01
1.957752555608749390e-01
6.342414766550064087e-02
4.465035721659660339e-02
4.233527779579162598e-01
1.536886245012283325e-01
2.040966749191284180e-01
-1.189486682415008545e-01
2.165969461202621460e-02
-7.987224496901035309e-03
-8.803320676088333130e-02
-5.313205346465110779e-02
3.909484446048736572e-01
1.685639321804046631e-01
3.251455128192901611e-01
4.199020192027091980e-02
2.391655147075653076e-01
6.431519985198974609e-02
6.242483109235763550e-02
6.222061067819595337e-02
3.834259808063507080e-01
1.390782892704010010e-01
8.083008974790573120e-02
6.511256098747253418e-02
9.940326213836669922e-02
1.388066858053207397e-01
3.555653989315032959e-02
-6.075271591544151306e-02
4.171106219291687012e-02
9.085677564144134521e-02
8.304916322231292725e-02
2.029767483472824097e-01
-3.027084842324256897e-02
-8.508949726819992065e-02
7.584526389837265015e-02
9.940326213836669922e-02
6.110508367419242859e-02
-1.992850936949253082e-02
3.311616554856300354e-02
3.509116545319557190e-02
4.172431528568267822e-01
-1.292241066694259644e-01
5.060502141714096069e-02
-8.284731954336166382e-02
2.225689589977264404e-02
1.660046130418777466e-01
2.137673646211624146e-02
1.987760514020919800e-01
5.206012353301048279e-02
-2.082603797316551208e-02
5.438911169767379761e-02
3.440731763839721680e-02
5.915242061018943787e-02
-1.571844518184661865e-01
3.540166188031435013e-03
-2.042138949036598206e-02
9.095318615436553955e-02
1.488752961158752441e-01
2.107881605625152588e-01
4.787200316786766052e-02
-1.236860640347003937e-02
1.233868598937988281e-01
5.177473425865173340e-01
9.062985330820083618e-02
2.000829726457595825e-01
-3.706444054841995239e-02
3.167833685874938965e-01
9.907517582178115845e-02
4.260296821594238281e-01
-5.148676689714193344e-03
2.319683553650975227e-03
-8.864015340805053711e-02
1.581371873617172241e-01
-7.095913589000701904e-02
-3.062968328595161438e-02
3.294749557971954346e-02
5.241439118981361389e-02
5.027740076184272766e-02
-3.331309184432029724e-02
2.108631879091262817e-01
4.783043563365936279e-01
1.681546121835708618e-02
2.874158322811126709e-01
9.213479608297348022e-02
2.826411128044128418e-01
-2.385010942816734314e-02
5.959456413984298706e-02
-2.023433335125446320e-02
1.317416280508041382e-01
9.940326213836669922e-02
8.925969898700714111e-02
8.172409981489181519e-02
9.161551296710968018e-02
1.892830282449722290e-01
1.343182027339935303e-01
-6.794659048318862915e-02
8.938336372375488281e-02
1.045003607869148254e-01
-2.111462131142616272e-02
2.027223110198974609e-01
-3.525872947648167610e-03
7.513769716024398804e-02
1.160310655832290649e-01
3.884757161140441895e-01
-7.976151071488857269e-03
5.065619572997093201e-02
-5.463008210062980652e-02
3.872115164995193481e-02
3.375389426946640015e-02
4.907914623618125916e-02
2.218129038810729980e-01
2.824550569057464600e-01
1.476650089025497437e-01
1.905555576086044312e-01
7.548674941062927246e-02
4.034382402896881104e-01
-5.223624780774116516e-02
2.938109040260314941e-01
-7.102553267031908035e-03
4.562555551528930664e-01
1.138163614086806774e-03
1.198016181588172913e-01
3.998718559741973877e-01
4.378462135791778564e-01
4.903255775570869446e-02
-1.257778331637382507e-02
-7.976151071488857269e-03
8.886061608791351318e-02
-2.727352827787399292e-02
4.524567127227783203e-01
2.051423788070678711e-01
8.035943657159805298e-02
2.607015073299407959e-01
9.985644370317459106e-02
-5.878266692161560059e-02
3.164905682206153870e-02
5.065619572997093201e-02
-2.489122189581394196e-02
-4.704325273633003235e-02
1.641978025436401367e-01
9.586823172867298126e-03
7.021079212427139282e-02
-1.291790045797824860e-02
1.411328911781311035e-01
1.047728303819894791e-02
-9.618914686143398285e-03
3.773161023855209351e-02
4.876323640346527100e-01
1.709314137697219849e-01
9.491836279630661011e-02
4.566733539104461670e-01
2.788093499839305878e-02
-2.189557068049907684e-02
1.925576329231262207e-01
-5.138628929853439331e-02
7.513769716024398804e-02
7.993922568857669830e-03
-2.129965424537658691e-01
3.404852375388145447e-02
-1.884996443986892700e-01
4.803106933832168579e-02
2.732222378253936768e-01
1.265917718410491943e-02
1.007029786705970764e-02
1.708441972732543945e-01
-8.534784428775310516e-04
-2.763040550053119659e-02
4.108411371707916260e-01
1.892001926898956299e-01
5.438911169767379761e-02
-8.428134769201278687e-02
-2.642943523824214935e-02
9.940326213836669922e-02
7.118842005729675293e-02
-1.275598853826522827e-01
-7.027351856231689453e-02
1.627805083990097046e-01
-4.386697709560394287e-02
-1.348326802253723145e-01
6.252027302980422974e-02
1.476650089025497437e-01
4.928102791309356689e-01
4.149171113967895508e-01
8.737094700336456299e-02
2.992574274539947510e-01
3.209610581398010254e-01
3.053887002170085907e-02
1.383127719163894653e-01
-1.191410422325134277e-01
1.859696023166179657e-02
-6.811089115217328072e-04
1.911602020263671875e-01
2.900140732526779175e-02
9.811694920063018799e-02
1.928825974464416504e-01
4.865445569157600403e-02
5.652478337287902832e-02
-1.019621267914772034e-01
4.626669920980930328e-03
2.533748149871826172e-01
4.813459143042564392e-02
2.024661004543304443e-01
1.032028719782829285e-01
4.508889913558959961e-01
2.136371135711669922e-01
8.802848309278488159e-02
1.505586355924606323e-01
6.957491487264633179e-02
-1.066297851502895355e-02
-1.637625247240066528e-01
1.752725918777287006e-03
-1.291790045797824860e-02
9.589935094118118286e-02
6.270977109670639038e-02
-3.155711665749549866e-02
2.149241603910923004e-02
6.139077618718147278e-02
-4.049142356961965561e-03
1.723766326904296875e-01
9.572841227054595947e-02
8.073864877223968506e-02
-2.489122189581394196e-02
9.120255708694458008e-03
-1.539505273103713989e-02
-9.818716347217559814e-02
5.535155907273292542e-02
-4.473539441823959351e-02
4.244355559349060059e-01
2.874402143061161041e-02
-1.602002419531345367e-02
1.352834142744541168e-02
1.180032044649124146e-01
-1.020337454974651337e-02
1.373109314590692520e-02
1.732077002525329590e-01
1.331076174974441528e-01
-5.096311122179031372e-02
3.536753058433532715e-01
-1.395132392644882202e-01
4.049565196037292480e-01
1.515884399414062500e-01
-3.390197828412055969e-02
