0 0
 1.82168053349043e-003    4.53367875647668e-002
 4.59222846215878e-003    7.25388601036269e-002
 1.01816127365529e-002    7.51295336787565e-002
 1.29678544007649e-002    8.54922279792746e-002
 1.38841271144291e-002    1.02331606217617e-001
 1.57396095398597e-002    1.11398963730570e-001
 1.66619183056560e-002    1.21761658031088e-001
 1.75806054401731e-002    1.36010362694301e-001
 1.75709477567616e-002    1.46373056994819e-001
 1.84920493121315e-002    1.58031088082902e-001
 2.03487389479885e-002    1.65803108808290e-001
 2.40705686926877e-002    1.72279792746114e-001
 2.77948128582397e-002    1.76165803108808e-001
 3.15190570237917e-002    1.80051813471503e-001
 3.24474018417202e-002    1.83937823834197e-001
 3.33757466596488e-002    1.87823834196891e-001
 3.43004698462980e-002    1.95595854922280e-001
 3.52251930329472e-002    2.03367875647668e-001
 3.61511234300228e-002    2.09844559585492e-001
 3.80126419075856e-002    2.12435233160622e-001
 4.08073340447827e-002    2.13730569948187e-001
 4.26676453119190e-002    2.17616580310881e-001
 4.35959901298476e-002    2.21502590673575e-001
 4.63846462149124e-002    2.29274611398964e-001
 5.10360279879665e-002    2.38341968911917e-001
 5.10239558837022e-002    2.51295336787565e-001
 5.19438502286457e-002    2.64248704663212e-001
 5.47325063137105e-002    2.72020725388601e-001
 5.84567504792625e-002    2.75906735751295e-001
 6.40449275432302e-002    2.79792746113990e-001
 6.68347908387215e-002    2.86269430051813e-001
 6.86854444224464e-002    3.00518134715026e-001
 6.96053387673899e-002    3.13471502590674e-001
 7.42603421717233e-002    3.18652849740933e-001
 7.89093095239245e-002    3.30310880829016e-001
 8.07647919493551e-002    3.39378238341969e-001
 8.63517618028963e-002    3.44559585492228e-001
 9.28706981056454e-002    3.49740932642487e-001
 9.75305303516845e-002    3.49740932642487e-001
 1.00314357595044e-001    3.62694300518135e-001
 1.02169840020474e-001    3.71761658031088e-001
 1.04957288895113e-001    3.80829015544041e-001
 1.07745944980178e-001    3.88601036269430e-001
 1.13331707623292e-001    3.95077720207254e-001
 1.22642921642386e-001    4.04145077720207e-001
 1.33819275770321e-001    4.11917098445596e-001
 1.40333383231364e-001    4.22279792746114e-001
 1.52445325439787e-001    4.26165803108808e-001
 1.55230359893572e-001    4.37823834196891e-001
 1.62659532857853e-001    4.66321243523316e-001
 1.71964710824814e-001    4.81865284974093e-001
 1.86856858645317e-001    5.02590673575130e-001
 1.98027176721120e-001    5.16839378238342e-001
 2.02668900810763e-001    5.36269430051813e-001
 2.21303400953213e-001    5.41450777202073e-001
 2.33394820584386e-001    5.67357512953368e-001
 2.62279744457697e-001    5.73834196891192e-001
 2.67858263838253e-001    5.88082901554404e-001
 2.89279005644916e-001    6.03626943005181e-001
 2.94846660131634e-001    6.29533678756477e-001
 3.15340264330795e-001    6.39896373056995e-001
 3.24649063929035e-001    6.51554404145078e-001
 3.35820589215265e-001    6.64507772020725e-001
 3.45131803234358e-001    6.73575129533679e-001
 3.52579084355036e-001    6.82642487046632e-001
 3.74004655003404e-001    6.93005181347150e-001
 3.84250249892558e-001    6.99481865284974e-001
 3.88904046086465e-001    7.05958549222798e-001
 3.97286915287630e-001    7.11139896373057e-001
 4.04735403618734e-001    7.18911917098446e-001
 4.30826842565274e-001    7.22797927461140e-001
 4.44795474409553e-001    7.34455958549223e-001
 4.55042276509134e-001    7.39637305699482e-001
 4.62493179261091e-001    7.44818652849741e-001
 4.66205351322378e-001    7.61658031088083e-001
 4.78317293530801e-001    7.65544041450777e-001
 4.82969882514281e-001    7.73316062176166e-001
 4.96948172041972e-001    7.74611398963731e-001
 5.09058907039968e-001    7.79792746113990e-001
 5.13713910444302e-001    7.84974093264249e-001
 5.14637426420524e-001    7.94041450777202e-001
 5.46320664062311e-001    7.97927461139896e-001
 5.65882301812264e-001    8.08290155440414e-001
 5.75195930252210e-001    8.14766839378238e-001
 5.83581213874228e-001    8.17357512953368e-001
 5.90103771808256e-001    8.18652849740933e-001
 5.99419814669055e-001    8.22538860103627e-001
 6.07802683870220e-001    8.27720207253886e-001
 6.18979037998155e-001    8.35492227979275e-001
 6.23634041402489e-001    8.40673575129534e-001
 6.50655032377384e-001    8.47150259067358e-001
 6.61833800926172e-001    8.52331606217617e-001
 6.69287118098982e-001    8.54922279792746e-001
 6.73939707082462e-001    8.62694300518135e-001
 6.75797603928746e-001    8.69170984455959e-001
 6.78588674434663e-001    8.74352331606218e-001
 6.82312918600215e-001    8.78238341968912e-001
 6.87902302874610e-001    8.80829015544041e-001
 6.98152726605469e-001    8.82124352331606e-001
 7.08404357546755e-001    8.82124352331606e-001
 7.15858881929991e-001    8.83419689119171e-001
 7.21449473414812e-001    8.84715025906736e-001
 7.28903997798048e-001    8.86010362694301e-001
 7.34495796493295e-001    8.86010362694301e-001
 7.56859369643004e-001    8.89896373056995e-001
 7.75496284206307e-001    8.92487046632124e-001
 7.89470952102719e-001    8.97668393782383e-001
 7.95987473984615e-001    9.05440414507772e-001
 8.03432340684440e-001    9.17098445595855e-001
 8.12745969124386e-001    9.23575129533679e-001
 8.41621235314285e-001    9.40414507772021e-001
 8.60254528246310e-001    9.46891191709845e-001
 8.76093129041137e-001    9.52072538860104e-001
 8.95660802843222e-001    9.55958549222798e-001
 9.11500610848476e-001    9.59844559585492e-001
 9.17086373491591e-001    9.66321243523316e-001
 9.34792528816113e-001    9.67616580310881e-001
 9.38513151350386e-001    9.75388601036269e-001
 9.53420992906432e-001    9.79274611398964e-001
 9.59009169970399e-001    9.83160621761658e-001
 9.66460072722356e-001    9.88341968911917e-001
 9.70184316887908e-001    9.92227979274611e-001
 9.72977801814679e-001    9.94818652849741e-001
 9.75771286741449e-001    9.97409326424870e-001
 9.77634012429439e-001    9.98704663212435e-001
 9.82292637465051e-001    1.00000000000000e+000
 9.86020503261883e-001    1.00000000000000e+000
 9.90680335507922e-001    1.00000000000000e+000
