 0.00000000000000e+000    4.74292724938657e-003
 0.00000000000000e+000    3.08401988982596e-002
 8.56164383561644e-004    7.59162888574725e-002
 4.28082191780822e-003    1.16244373486732e-001
 9.41780821917808e-003    1.58942906124571e-001
 1.79794520547945e-002    1.85030021612311e-001
 2.31164383561644e-002    2.13493678805310e-001
 3.16780821917808e-002    2.40767033913453e-001
 3.85273972602740e-002    2.65669941013016e-001
 4.70890410958904e-002    2.90570816880352e-001
 5.65068493150685e-002    3.15470677131575e-001
 6.16438356164384e-002    3.35630656981751e-001
 6.93493150684932e-002    3.54601350363184e-001
 7.70547945205479e-002    3.71199564503811e-001
 8.30479452054795e-002    3.85427330635857e-001
 9.07534246575342e-002    4.03211784396887e-001
 1.01883561643836e-001    4.20992175693463e-001
 1.14726027397260e-001    4.45887973480232e-001
 1.28424657534247e-001    4.70782755650888e-001
 1.40410958904110e-001    4.93307089812964e-001
 1.68664383561644e-001    5.34791961195340e-001
 1.90068493150685e-001    5.64422561302589e-001
 2.14041095890411e-001    5.96422593802304e-001
 2.38013698630137e-001    6.23677667820407e-001
 2.52568493150685e-001    6.41453996652529e-001
 2.61986301369863e-001    6.52118981458912e-001
 2.73972602739726e-001    6.62780919416955e-001
 2.87671232876712e-001    6.76999545003981e-001
 3.02226027397260e-001    6.90030915354491e-001
 3.15068493150685e-001    7.01878077316824e-001
 3.26198630136986e-001    7.11354791270576e-001
 3.39041095890411e-001    7.20829473992103e-001
 3.51027397260274e-001    7.30305172329742e-001
 3.63013698630137e-001    7.38594631046978e-001
 3.76712328767123e-001    7.49254537772794e-001
 3.97260273972603e-001    7.63465038430914e-001
 4.15239726027397e-001    7.74119867076163e-001
 4.37500000000000e-001    7.88328336502056e-001
 4.60616438356164e-001    8.06094509173045e-001
 4.76027397260274e-001    8.13193665805424e-001
 4.87157534246575e-001    8.21484140138774e-001
 5.00856164383562e-001    8.27399088382977e-001
 5.12842465753425e-001    8.34502307479810e-001
 5.33390410958904e-001    8.46340328897122e-001
 5.50513698630137e-001    8.55809933538082e-001
 5.65068493150685e-001    8.64096345406978e-001
 5.81335616438356e-001    8.73566965664050e-001
 5.95890410958904e-001    8.80667137912543e-001
 6.07876712328767e-001    8.85397877768569e-001
 6.23287671232877e-001    8.91310794780546e-001
 6.59246575342466e-001    9.06689253969028e-001
 6.70376712328767e-001    9.11421009441167e-001
 6.78938356164384e-001    9.14969572141244e-001
 6.94349315068493e-001    9.20882489153220e-001
 7.05479452054795e-001    9.25614244625360e-001
 7.15753424657534e-001    9.30347015713613e-001
 7.26883561643836e-001    9.33892531565349e-001
 7.38869863013699e-001    9.36250792180568e-001
 7.51712328767123e-001    9.43352995661288e-001
 7.65410958904110e-001    9.48081704285088e-001
 7.76541095890411e-001    9.51627220136824e-001
 7.87671232876712e-001    9.55172735988560e-001
 7.99657534246575e-001    9.59903475844586e-001
 8.14212328767123e-001    9.62258689611466e-001
 8.23630136986301e-001    9.64619997075026e-001
 8.37328767123288e-001    9.68162466078422e-001
 8.49315068493151e-001    9.71706966314045e-001
 8.57876712328767e-001    9.75255529014121e-001
 8.69006849315068e-001    9.78801044865857e-001
 8.76712328767123e-001    9.81164383561644e-001
 8.85273972602740e-001    9.83526706641317e-001
 9.04109589041096e-001    9.87063081948033e-001
 9.25513698630137e-001    9.91782650026812e-001
 9.33219178082192e-001    9.91773509481792e-001
 9.42636986301370e-001    9.92948577324948e-001
 9.51198630136986e-001    9.94124660784218e-001
 9.58047945205479e-001    9.95302775475715e-001
 9.67465753424658e-001    9.96477843318871e-001
 9.76027397260274e-001    9.97653926778141e-001
 9.81164383561644e-001    9.97647833081461e-001
 9.88013698630137e-001    9.97639708152554e-001
 9.93150684931507e-001    9.98819854076277e-001
