0 0
 2.09002718734553e-003    7.35294117647059e-003
 3.12654473554128e-003    2.05882352941176e-002
 4.16460701927830e-003    3.23529411764706e-002
 5.19340088976767e-003    5.29411764705882e-002
 7.27570439940682e-003    7.05882352941176e-002
 9.35182896688087e-003    9.41176470588235e-002
 1.03821675729115e-002    1.13235294117647e-001
 1.24660158180919e-002    1.29411764705882e-001
 1.45498640632724e-002    1.45588235294118e-001
 1.76794982698962e-002    1.66176470588235e-001
 2.08106772120613e-002    1.85294117647059e-001
 2.70884824518043e-002    2.08823529411765e-001
 3.23174122590213e-002    2.30882352941176e-001
 4.06991473059812e-002    2.51470588235294e-001
 5.22151507661888e-002    2.88235294117647e-001
 6.26853682649530e-002    3.20588235294118e-001
 7.42152743450321e-002    3.44117647058824e-001
 8.67878769154721e-002    3.75000000000000e-001
 9.93666584280771e-002    4.00000000000000e-001
 1.14038556599110e-001    4.32352941176471e-001
 1.36066485417697e-001    4.61764705882353e-001
 1.60185986159170e-001    5.00000000000000e-001
 1.76967993079585e-001    5.23529411764706e-001
 1.91655338606031e-001    5.41176470588235e-001
 2.02142548195749e-001    5.57352941176471e-001
 2.15776384083045e-001    5.77941176470588e-001
 2.45154164607019e-001    6.10294117647059e-001
 2.72438828472566e-001    6.35294117647059e-001
 2.90271255561048e-001    6.58823529411765e-001
 3.15455079090460e-001    6.83823529411765e-001
 3.46938334157192e-001    7.11764705882353e-001
 3.70024406821552e-001    7.33823529411765e-001
 3.85765261987148e-001    7.48529411764706e-001
 4.05706253089471e-001    7.64705882352941e-001
 4.22499073158675e-001    7.77941176470588e-001
 4.40340768660405e-001    7.92647058823529e-001
 4.61333724666337e-001    8.07352941176471e-001
 4.80227385071676e-001    8.20588235294118e-001
 5.00174555116164e-001    8.30882352941177e-001
 5.13822293623332e-001    8.38235294117647e-001
 5.31668623331686e-001    8.48529411764706e-001
 5.50565373208107e-001    8.58823529411765e-001
 5.67362827483935e-001    8.67647058823529e-001
 5.91508588729610e-001    8.80882352941176e-001
 6.15654349975284e-001    8.94117647058824e-001
 6.32451804251112e-001    9.02941176470588e-001
 6.50299678695007e-001    9.11764705882353e-001
 6.74451618882847e-001    9.19117647058823e-001
 6.90200197726149e-001    9.26470588235294e-001
 7.11200877409787e-001    9.33823529411765e-001
 7.28001421156698e-001    9.39705882352941e-001
 7.41652249134948e-001    9.44117647058824e-001
 7.57402372713791e-001    9.50000000000000e-001
 7.71053200692042e-001    9.54411764705882e-001
 7.80502347998023e-001    9.58823529411765e-001
 7.94153175976273e-001    9.63235294117647e-001
 8.08854424122590e-001    9.67647058823529e-001
 8.19355536332180e-001    9.70588235294118e-001
 8.38258465150766e-001    9.75000000000000e-001
 8.50858872960949e-001    9.79411764705882e-001
 8.59260689569946e-001    9.80882352941176e-001
 8.68711381611468e-001    9.83823529411765e-001
 8.79214038556599e-001    9.85294117647059e-001
 8.87615855165596e-001    9.86764705882353e-001
 9.00217807711320e-001    9.89705882352941e-001
 9.06520328719723e-001    9.89705882352941e-001
 9.18073405832921e-001    9.91176470588235e-001
 9.28576062778052e-001    9.92647058823529e-001
 9.39077174987642e-001    9.95588235294118e-001
 9.52731092436975e-001    9.97058823529412e-001
 9.60082488877904e-001    9.98529411764706e-001
 9.65334589718240e-001    9.98529411764706e-001
 9.69536270390509e-001    9.98529411764706e-001
 9.72685986159170e-001    1.00000000000000e+000
 0.99 1