 9.84077124577397e-004    1.12731815016058e-002
 9.50240661841211e-004    2.81744946383305e-002
 9.19223904333041e-004    4.36673650136615e-002
 1.89202220799838e-003    5.77546123328267e-002
 1.84690692435013e-003    8.02896965151263e-002
 2.80560670187539e-003    1.01419157641260e-001
 3.73892913234850e-003    1.35224603619938e-001
 5.67324691876711e-003    1.69032869303843e-001
 8.61701917681526e-003    1.98618626408795e-001
 1.05541566684619e-002    2.31018449331307e-001
 1.74849921189239e-002    2.69066141825534e-001
 2.14156612067774e-002    3.05696932442682e-001
 2.63670635871726e-002    3.32471443435303e-001
 3.72934213457325e-002    3.74755743034623e-001
 4.92179547550099e-002    4.18451305100565e-001
 6.01584110397099e-002    4.53693390892916e-001
 7.01176099050605e-002    4.79073557650283e-001
 7.70907409339428e-002    4.95994608723604e-001
 9.30333542931422e-002    5.32659235803489e-001
 1.17968007624483e-001    5.77799896798789e-001
 1.37923061523148e-001    6.10250474415405e-001
 1.54889227880117e-001    6.35650379109368e-001
 1.64873804092520e-001    6.48354561014192e-001
 1.70862857996825e-001    6.56822135813922e-001
 1.78851082907793e-001    6.66703792785502e-001
 1.99821230688544e-001    6.92114976300378e-001
 2.24789720482621e-001    7.20354324158952e-001
 2.54763187056425e-001    7.48607770543667e-001
 2.70742456583589e-001    7.66962641725434e-001
 2.83735658274284e-001    7.76858397223154e-001
 3.03727368340914e-001    7.90999218941652e-001
 3.59704156527477e-001    8.30593519753445e-001
 3.78700510648617e-001    8.41914636243927e-001
 4.04689733735235e-001    8.60297704477974e-001
 4.23688907561603e-001    8.70210378207062e-001
 4.39693554435819e-001    8.75889264536285e-001
 4.54694386248862e-001    8.82973773921674e-001
 4.66689412288839e-001    8.91458266952773e-001
 4.80692068451164e-001    8.97131513871540e-001
 4.95698539674662e-001    9.01399137734141e-001
 5.28697549958127e-001    9.18393501143390e-001
 5.55707506337287e-001    9.26920289752909e-001
 5.86718624435002e-001    9.36866799944734e-001
 6.32739033461442e-001    9.49672491237766e-001
 6.49744675691603e-001    9.55354197272217e-001
 6.99769066141826e-001    9.68171167386161e-001
 7.23781675863605e-001    9.73872611357209e-001
 7.41793952860168e-001    9.76740251574100e-001
 7.64808386931230e-001    9.81030433078526e-001
 7.79817677859956e-001    9.83889614179734e-001
 7.94829788493911e-001    9.85340352519548e-001
 8.06836093354801e-001    9.88191074505071e-001
 8.19846213276864e-001    9.89636173434429e-001
 8.49867614839545e-001    9.93946092875451e-001
 8.75885034978443e-001    9.98244733495560e-001
 8.96900298042843e-001    1.00112083282814e+000
 9.11912408676797e-001    1.00257157116795e+000
 9.32927671741196e-001    1.00544767050053e+000
 9.55947745222714e-001    1.00692096648216e+000
 9.72961846568560e-001    1.00837734423243e+000
 9.78967818704233e-001    1.00839426246380e+000
 9.82971800128015e-001    1.00840554128471e+000
 9.86975781551797e-001    1.00841682010563e+000
 9.89978767619633e-001    1.00842527922131e+000
 9.92981753687470e-001    1.00843373833699e+000
 9.94983744399360e-001    1.00843937774745e+000
 9.96985735111251e-001    1.00844501715791e+000
 9.97986730467197e-001    1.00844783686313e+000
