 2.22635062781095e-003    1.52922562511310e-002
 3.45159057063309e-003    5.81075853641934e-002
 5.70782509948849e-003    8.41049190561336e-002
 6.88325854056989e-003    1.11629652134790e-001
 9.14447371959936e-003    1.39156045430170e-001
 1.03199071606808e-002    1.66680778508827e-001
 1.25761416895362e-002    1.92678112200767e-001
 1.48273955682175e-002    2.17146386289266e-001
 1.92402516224468e-002    2.38559861604334e-001
 2.14566409499096e-002    2.52324718468749e-001
 3.13581734959682e-002    2.92095210108728e-001
 3.90632393152602e-002    3.24217083298054e-001
 4.45618771074376e-002    3.45632218829846e-001
 5.00555342494409e-002    3.65518294758198e-001
 5.88015559551144e-002    3.83880291733283e-001
 6.31944894086474e-002    3.99177528634588e-001
 6.75874228621804e-002    4.14474765535893e-001
 7.30511961031393e-002    4.25186483843601e-001
 8.39936845355793e-002    4.51197099269339e-001
 9.49212310174970e-002    4.72620535884754e-001
 1.01490708597100e-001    4.89450152822950e-001
 1.09131025964129e-001    5.01694251167547e-001
 1.22245077872465e-001    5.27708187026735e-001
 1.37520731956350e-001    5.50667324112490e-001
 1.42984505197308e-001    5.61379042420198e-001
 1.61547388396081e-001    5.93517517776771e-001
 1.80080387693810e-001    6.16481635512700e-001
 1.92068812662805e-001    6.30261434327637e-001
 2.04067198932149e-001    6.47099352349456e-001
 2.13869118474726e-001    6.56288651920622e-001
 2.26943325181669e-001    6.70070110952284e-001
 2.37836007112368e-001    6.80790130343615e-001
 2.50910213819312e-001    6.94571589375277e-001
 2.66155984002152e-001    7.08356368840388e-001
 2.80315972447043e-001    7.22139488088775e-001
 2.92294436115691e-001    7.32861167696831e-001
 3.04267919134164e-001    7.42053787701447e-001
 3.18432888229229e-001    7.57365966553274e-001
 3.29315608859581e-001    7.65027866737724e-001
 3.40203310140106e-001    7.74218826525615e-001
 3.46732942518316e-001    7.78815966636285e-001
 3.69594126817315e-001    7.97199546428791e-001
 3.84829935699806e-001    8.07926206687021e-001
 4.05499633922212e-001    8.20190227632315e-001
 4.16382354552563e-001    8.27852127816765e-001
 4.27265075182914e-001    8.35514028001215e-001
 4.55540226221131e-001    8.49318730067023e-001
 4.76204943793363e-001    8.60053691408877e-001
 4.90340028987384e-001    8.66191512640060e-001
 5.05560895919353e-001    8.72330994087968e-001
 5.36012591083640e-001    8.87668076190666e-001
 5.63196979733734e-001    8.99942058436308e-001
 5.82755992967322e-001    9.04559121147675e-001
 5.99062641637239e-001    9.10700262812308e-001
 6.18631616171175e-001    9.18375444730555e-001
 6.30595137889300e-001    9.24509945528289e-001
 6.45811024171095e-001    9.29120367372757e-001
 6.65370037404683e-001    9.33737430084123e-001
 6.83848249550496e-001    9.39881892182205e-001
 7.00149917570240e-001    9.44493974243398e-001
 7.19718892104175e-001    9.52169156161645e-001
 7.36015579473745e-001    9.55252178619397e-001
 7.64265827261091e-001    9.61411582668002e-001
 7.82739058756730e-001    9.66026985162643e-001
 7.99040726776473e-001    9.70639067223835e-001
 8.17508977621939e-001    9.73725410115036e-001
 8.39229593031074e-001    9.75287674052971e-001
 8.55531261050818e-001    9.79899756114163e-001
 8.71827948420387e-001    9.82982778571915e-001
 8.80514202323971e-001    9.82996060305712e-001
 8.96810889693541e-001    9.86079082763464e-001
 9.14193358801058e-001    9.89163765437940e-001
 9.33742410734297e-001    9.90722708942425e-001
 9.50049059404215e-001    9.96863850607058e-001
 9.58735313307799e-001    9.96877132340856e-001
 9.69598111337454e-001    9.98422794111543e-001
 9.78284365241039e-001    9.98436075845341e-001
 9.83718254580953e-001    9.99973436532405e-001
 9.89147163270693e-001    9.99981737616028e-001
 9.94576071960434e-001    9.99990038699652e-001
 9.97833417174278e-001    9.99995019349826e-001
