3.097419627010822296e-02
9.002424031496047974e-02
-2.586210370063781738e-01
-5.961124897003173828e-01
8.069632202386856079e-02
4.204809665679931641e-01
-3.861710056662559509e-02
1.677450910210609436e-02
4.959802627563476562e-01
7.355137914419174194e-02
-6.421203259378671646e-03
2.737252414226531982e-01
4.860792681574821472e-02
3.061799108982086182e-01
3.792659938335418701e-01
1.693968921899795532e-01
-8.362615853548049927e-02
-3.033799827098846436e-01
-8.343663811683654785e-02
1.861130446195602417e-01
-1.110922470688819885e-01
3.355155587196350098e-01
1.856953501701354980e-01
-7.757601886987686157e-02
3.642872273921966553e-01
3.539794385433197021e-01
2.389113306999206543e-01
4.039584100246429443e-01
1.826887279748916626e-01
3.445045351982116699e-01
-3.617810606956481934e-01
2.167708575725555420e-01
4.934448599815368652e-01
-1.108217760920524597e-01
-3.756918609142303467e-01
2.533708810806274414e-01
7.854375243186950684e-02
-1.798722706735134125e-02
-5.897400155663490295e-02
5.241581052541732788e-02
-1.165600568056106567e-01
6.883722543716430664e-02
6.593400239944458008e-01
4.658438861370086670e-01
3.963210880756378174e-01
4.019280895590782166e-02
2.768031358718872070e-01
-2.737768888473510742e-01
5.546781420707702637e-01
4.058835506439208984e-01
8.424363285303115845e-02
2.133669108152389526e-01
7.523563504219055176e-02
-1.532041281461715698e-01
4.106577858328819275e-02
2.070801332592964172e-02
1.419533938169479370e-01
3.286647796630859375e-01
1.747543513774871826e-01
6.104438304901123047e-01
5.101699382066726685e-02
-9.136088937520980835e-02
3.577373623847961426e-01
1.805754154920578003e-01
2.601768374443054199e-01
3.434836268424987793e-01
8.737368136644363403e-02
-9.716807305812835693e-02
2.964558303356170654e-01
3.892560601234436035e-01
4.208031594753265381e-01
2.699827551841735840e-01
4.452162608504295349e-02
-3.092863857746124268e-01
4.125514626502990723e-01
1.509478837251663208e-01
1.300941556692123413e-01
5.014483928680419922e-01
-5.643121600151062012e-01
1.593057811260223389e-01
2.597798705101013184e-01
-4.641164466738700867e-02
1.581829041242599487e-01
-1.402219682931900024e-01
2.234764099121093750e-01
-2.775612771511077881e-01
8.386947214603424072e-02
-1.582964509725570679e-01
2.133364975452423096e-01
-9.603384137153625488e-02
-3.031848073005676270e-01
4.962487220764160156e-01
2.842222750186920166e-01
2.036861032247543335e-01
3.127178549766540527e-01
7.313155382871627808e-02
5.634829029440879822e-02
1.853372007608413696e-01
-3.114696145057678223e-01
3.846148252487182617e-01
5.029746890068054199e-01
3.687833547592163086e-01
3.104365170001983643e-01
7.142204046249389648e-02
1.062485016882419586e-02
4.299536049365997314e-01
4.004761874675750732e-01
1.759826093912124634e-01
1.626109331846237183e-01
1.172394603490829468e-01
1.676602363586425781e-01
1.389827877283096313e-01
4.151664972305297852e-01
4.135050475597381592e-01
3.821703791618347168e-01
8.135956525802612305e-02
4.511080682277679443e-01
-1.521271914243698120e-01
-3.300753533840179443e-01
2.365031987428665161e-01
-3.311606496572494507e-02
-8.144817501306533813e-02
5.814065933227539062e-01
4.723734855651855469e-01
3.418260812759399414e-01
-2.734376490116119385e-01
-1.001698002219200134e-01
2.838693261146545410e-01
3.564567118883132935e-02
3.447737693786621094e-01
1.261388659477233887e-01
5.039082765579223633e-01
1.581640243530273438e-01
4.732249379158020020e-01
-2.552546560764312744e-01
4.126405715942382812e-01
-4.027778506278991699e-01
3.031736910343170166e-01
1.282798796892166138e-01
3.522411882877349854e-01
4.598833322525024414e-01
-2.466718256473541260e-01
1.309326142072677612e-01
5.159990191459655762e-01
-1.420609205961227417e-01
2.068477496504783630e-02
2.215380370616912842e-01
3.010993078351020813e-02
3.809106945991516113e-01
2.524069324135780334e-02
4.547612369060516357e-01
-1.532579335616901517e-04
-5.648899078369140625e-02
3.243392333388328552e-02
-3.597635030746459961e-01
2.473924160003662109e-01
2.171647399663925171e-01
9.981665015220642090e-02
2.436031959950923920e-02
7.789663225412368774e-02
3.688322007656097412e-01
1.462105959653854370e-01
-1.859904080629348755e-01
3.076213002204895020e-01
2.632181346416473389e-01
4.209750592708587646e-01
5.754757523536682129e-01
-5.173301100730895996e-01
-1.038015484809875488e-01
3.505555093288421631e-01
3.177518546581268311e-01
2.147624827921390533e-02
-1.478887647390365601e-01
5.218161344528198242e-01
1.636987477540969849e-01
1.987994164228439331e-01
1.485966593027114868e-01
1.476983875036239624e-01
-1.737087219953536987e-01
-7.992567121982574463e-02
3.804996609687805176e-01
-2.856390736997127533e-02
1.029133498668670654e-01
-1.736070811748504639e-01
2.627212107181549072e-01
-1.394985467195510864e-01
4.579730927944183350e-01
5.123995542526245117e-01
1.916618198156356812e-01
3.034049868583679199e-01
-1.637172102928161621e-01
2.881302833557128906e-01
-1.262331604957580566e-01
3.192175924777984619e-01
-5.879546515643596649e-04
-1.038216575980186462e-01
1.106401756405830383e-01
5.320603251457214355e-01
-3.199607431888580322e-01
2.022509872913360596e-01
-1.989230215549468994e-01
4.780158400535583496e-01
1.640625298023223877e-01
9.138372540473937988e-02
2.629671990871429443e-01
3.383451104164123535e-01
-6.732047349214553833e-02
-6.326261442154645920e-03
3.959038257598876953e-01
4.625547826290130615e-01
1.108901202678680420e-01
-1.335481107234954834e-01
1.531292945146560669e-01
4.358697831630706787e-01
4.782731533050537109e-01
-4.114957153797149658e-01
1.637233197689056396e-01
2.254207730293273926e-01
9.685840457677841187e-02
5.111197009682655334e-02
-4.480385780334472656e-02
5.853449106216430664e-01
8.549545705318450928e-02
-4.864321649074554443e-02
-1.507045924663543701e-01
-7.529245316982269287e-02
4.372862577438354492e-01
2.121318578720092773e-01
5.362046509981155396e-02
-3.282906711101531982e-01
3.903364539146423340e-01
3.681375458836555481e-02
3.247845470905303955e-01
6.674099564552307129e-01
3.275843858718872070e-01
3.594665527343750000e-01
-4.315509274601936340e-02
1.182096302509307861e-01
5.199033021926879883e-01
1.027189120650291443e-01
2.019250839948654175e-01
1.123331934213638306e-01
5.346845388412475586e-01
3.520270884037017822e-01
2.119440436363220215e-01
1.607207953929901123e-01
3.332403898239135742e-01
4.901305437088012695e-01
2.583882510662078857e-01
2.550248615443706512e-02
-6.558850407600402832e-02
-4.585082828998565674e-01
3.512648642063140869e-01
5.165187120437622070e-01
4.682848453521728516e-01
-2.397314608097076416e-01
-3.698543086647987366e-02
2.047038823366165161e-01
6.582111716270446777e-01
5.650839805603027344e-01
-1.046336349099874496e-02
-3.410796225070953369e-01
2.111101448535919189e-01
4.098031222820281982e-01
3.192982375621795654e-01
2.947495877742767334e-01
4.435623884201049805e-01
2.855398505926132202e-02
-1.260825246572494507e-01
2.082597762346267700e-01
9.255927056074142456e-02
-1.023138687014579773e-01
1.000261027365922928e-02
4.633465409278869629e-01
-1.056050807237625122e-01
1.595341861248016357e-01
1.545016914606094360e-01
-6.688010413199663162e-03
-3.267675340175628662e-01
4.769384264945983887e-01
4.382989108562469482e-01
2.336290627717971802e-01
1.940056681632995605e-01
-3.657503128051757812e-01
4.727874696254730225e-01
-2.619818747043609619e-01
2.307675927877426147e-01
1.181027740240097046e-01
6.310361437499523163e-03
4.144152700901031494e-01
4.389252066612243652e-01
-2.723943889141082764e-01
3.696625530719757080e-01
4.128636419773101807e-01
3.944253325462341309e-01
-1.527418792247772217e-01
2.232393771409988403e-01
1.444299370050430298e-01
1.423112154006958008e-01
-2.132106274366378784e-01
4.897951185703277588e-01
-1.359168291091918945e-01
-9.462897665798664093e-03
2.766385078430175781e-01
6.535341590642929077e-02
-7.030853629112243652e-02
2.328493893146514893e-01
1.987994164228439331e-01
-1.552747283130884171e-02
2.582602500915527344e-01
4.543247818946838379e-01
-8.436304330825805664e-02
7.365235686302185059e-02
-1.046619415283203125e-01
3.331303596496582031e-01
4.557017982006072998e-01
7.639281451702117920e-02
3.031638264656066895e-01
3.300092518329620361e-01
1.979746073484420776e-01
4.398235678672790527e-01
-3.155300915241241455e-01
-1.255193538963794708e-02
3.503530323505401611e-01
-3.573496639728546143e-01
-2.126743644475936890e-01
-3.252643346786499023e-01
4.471765458583831787e-01
4.255191236734390259e-02
2.551712095737457275e-01
-2.310944348573684692e-02
-1.398456543684005737e-01
3.162405639886856079e-02
2.725585997104644775e-01
3.001495823264122009e-02
4.126332700252532959e-01
2.391440570354461670e-01
-1.016066223382949829e-01
2.128698676824569702e-01
-4.021797180175781250e-01
2.733060717582702637e-01
-1.980218477547168732e-02
4.428901374340057373e-01
1.864016056060791016e-01
1.712098866701126099e-01
3.702034950256347656e-01
-8.140756189823150635e-02
1.909130513668060303e-01
-1.773561984300613403e-01
2.294044196605682373e-01
5.196347236633300781e-01
-2.001987099647521973e-01
-4.237252771854400635e-01
1.544839441776275635e-01
2.466508895158767700e-01
4.444821551442146301e-02
2.369334399700164795e-01
-6.536652445793151855e-01
-1.372115910053253174e-01
1.758217960596084595e-01
3.844527900218963623e-01
4.533611834049224854e-01
-2.067485004663467407e-01
1.014421656727790833e-01
4.591905772686004639e-01
3.944439291954040527e-01
-9.660674631595611572e-02
-8.178783953189849854e-02
4.410551786422729492e-01
4.479665160179138184e-01
2.652611136436462402e-01
3.107578754425048828e-01
2.000603675842285156e-01
4.816211462020874023e-01
-2.228116691112518311e-01
3.785238862037658691e-01
1.805274784564971924e-01
4.323391914367675781e-01
1.745556294918060303e-01
2.111348062753677368e-01
6.044420599937438965e-01
-3.303588628768920898e-01
4.794081673026084900e-02
9.138372540473937988e-02
-3.861710056662559509e-02
2.699951231479644775e-01
2.748366594314575195e-01
5.059579014778137207e-01
-2.180283367633819580e-01
-3.696285486221313477e-01
2.662907540798187256e-01
3.208349943161010742e-01
-5.374788641929626465e-01
2.804871499538421631e-01
5.989066325128078461e-03
-1.235209852457046509e-01
-2.546940147876739502e-01
3.085525929927825928e-01
-7.593443989753723145e-02
4.398985207080841064e-01
3.306590020656585693e-01
4.806287288665771484e-01
-7.751122117042541504e-02
1.761038303375244141e-01
1.919415742158889771e-01
6.316840648651123047e-03
-1.552603393793106079e-01
-6.326261442154645920e-03
1.397737711668014526e-01
6.802931427955627441e-02
1.926042884588241577e-01
3.942087590694427490e-01
3.099284470081329346e-01
1.326524317264556885e-01
2.903449237346649170e-01
1.928264051675796509e-01
2.211729586124420166e-01
2.688790857791900635e-01
1.705758571624755859e-01
1.137152537703514099e-01
2.408660948276519775e-01
-5.315199866890907288e-02
-2.127631604671478271e-01
3.004972338676452637e-01
4.777419567108154297e-01
3.501435816287994385e-01
3.775162398815155029e-01
-1.917987316846847534e-01
-3.900690674781799316e-01
1.078844964504241943e-01
2.818273901939392090e-01
-2.356981039047241211e-01
4.554748237133026123e-01
-5.165648460388183594e-02
2.557123601436614990e-01
-1.846706122159957886e-01
-8.981376141309738159e-02
-8.572896569967269897e-02
-3.668642342090606689e-01
2.819532155990600586e-01
5.024918913841247559e-01
2.180326431989669800e-01
4.956683516502380371e-01
6.004545688629150391e-01
4.246796965599060059e-01
1.227993965148925781e-01
2.678330428898334503e-02
3.261169493198394775e-01
7.559994608163833618e-02
-2.638657391071319580e-01
4.294880926609039307e-01
6.178888306021690369e-02
-4.527224302291870117e-01
-1.540158540010452271e-01
3.783757388591766357e-01
4.006570875644683838e-01
1.039161607623100281e-01
2.575006186962127686e-01
-4.325989186763763428e-01
-3.670956790447235107e-01
2.564678154885768890e-02
-1.805229187011718750e-01
-1.335481107234954834e-01
3.253132402896881104e-01
-3.398368656635284424e-01
-3.094787597656250000e-01
4.318439662456512451e-01
2.358475923538208008e-01
2.408858388662338257e-01
3.354754745960235596e-01
1.285157650709152222e-01
-3.889545202255249023e-01
2.655329704284667969e-01
-7.032221555709838867e-02
-1.299838870763778687e-01
3.446256518363952637e-01
-6.359545886516571045e-02
-1.677552051842212677e-02
4.000088572502136230e-01
2.792145013809204102e-01
3.493736386299133301e-01
-2.636602222919464111e-01
-1.024220809340476990e-01
3.603667914867401123e-01
-8.534681051969528198e-02
8.337361365556716919e-02
2.275038808584213257e-01
4.221088588237762451e-01
-1.088788732886314392e-01
1.026173904538154602e-01
1.116418763995170593e-01
3.431487977504730225e-01
1.065661236643791199e-01
2.949937246739864349e-02
1.578690856695175171e-01
-7.316690683364868164e-02
1.435277909040451050e-01
2.079616338014602661e-01
2.031867057085037231e-01
-3.909303545951843262e-01
2.015926986932754517e-01
5.855221748352050781e-01
1.131711602210998535e-01
1.703277826309204102e-01
1.131711602210998535e-01
3.705220818519592285e-01
2.522144913673400879e-01
1.743857115507125854e-01
-1.018642261624336243e-01
4.492052197456359863e-01
-1.295134723186492920e-01
4.328499138355255127e-01
4.499050378799438477e-01
4.073431789875030518e-01
7.182701677083969116e-02
3.076223134994506836e-01
-3.496079742908477783e-01
2.211124636232852936e-02
-1.494489759206771851e-01
-1.489489572122693062e-03
1.729649840854108334e-03
1.041492726653814316e-02
6.253829598426818848e-01
-2.088277786970138550e-02
2.668475806713104248e-01
3.111839592456817627e-01
-1.305329985916614532e-02
1.148256752640008926e-02
3.371224701404571533e-01
1.405991315841674805e-01
4.081252962350845337e-02
5.628629121929407120e-03
-3.962010145187377930e-01
3.548198640346527100e-01
1.361993551254272461e-01
-1.603409796953201294e-01
8.116798102855682373e-02
2.234913855791091919e-01
-1.806674152612686157e-01
1.496316045522689819e-01
2.371518872678279877e-02
1.077526155859231949e-02
1.637975126504898071e-01
2.833736240863800049e-01
-3.600033372640609741e-02
1.421044170856475830e-01
1.140704005956649780e-01
9.243635088205337524e-02
1.562561653554439545e-02
2.804556787014007568e-01
1.085213646292686462e-01
-7.468030601739883423e-02
5.169018986634910107e-04
3.108358681201934814e-01
2.101595699787139893e-01
4.698522388935089111e-01
1.019412279129028320e-01
-6.258387118577957153e-02
3.646201193332672119e-01
-1.038651168346405029e-01
-4.687724635004997253e-02
1.230148524045944214e-01
-2.858844995498657227e-01
7.483798265457153320e-02
5.484983921051025391e-01
2.749884128570556641e-01
2.195303440093994141e-01
-1.660248786211013794e-01
-1.095147207379341125e-01
7.612876594066619873e-02
4.605815708637237549e-01
-5.152241587638854980e-01
4.053869545459747314e-01
3.620449900627136230e-01
1.799267232418060303e-01
3.625380098819732666e-01
2.795288860797882080e-01
-9.875407814979553223e-02
-3.062824010848999023e-01
1.156697720289230347e-01
-5.800791084766387939e-03
2.723953127861022949e-02
-3.271130323410034180e-01
4.090233743190765381e-01
-1.735746413469314575e-01
1.090206950902938843e-01
3.295283019542694092e-01
2.963230945169925690e-02
-1.922994852066040039e-01
2.752339541912078857e-01
4.710687398910522461e-01
-5.304467678070068359e-02
4.982555210590362549e-01
2.353789359331130981e-01
3.694295585155487061e-01
4.050863385200500488e-01
3.539402484893798828e-01
2.373601496219635010e-01
3.577703237533569336e-01
-1.105703189969062805e-01
3.302065730094909668e-01
5.123122334480285645e-01
4.048606157302856445e-01
5.593219995498657227e-01
1.456008106470108032e-01
3.158459067344665527e-01
1.508715748786926270e-02
4.709587097167968750e-01
2.244150638580322266e-01
4.232798814773559570e-01
4.402782917022705078e-01
4.850938022136688232e-01
1.938583701848983765e-01
8.482036739587783813e-02
-2.442122995853424072e-02
9.710318595170974731e-02
5.339635610580444336e-01
5.020088553428649902e-01
-2.700370363891124725e-02
-1.374634504318237305e-01
1.071064081043004990e-02
-8.478756994009017944e-02
1.975148767232894897e-01
-2.238633334636688232e-01
3.565781712532043457e-01
1.454056203365325928e-01
3.734191134572029114e-02
2.894710600376129150e-01
-5.509107932448387146e-02
6.012914776802062988e-01
1.519509851932525635e-01
-4.650159478187561035e-01
1.133984923362731934e-01
2.577105760574340820e-01
-2.835100591182708740e-01
2.554580569267272949e-01
2.707969844341278076e-01
-1.829134225845336914e-01
-3.484109640121459961e-01
1.649122834205627441e-01
-1.757228672504425049e-01
1.090469881892204285e-01
2.332727909088134766e-01
2.176184207201004028e-02
1.615475714206695557e-01
1.412999182939529419e-01
-4.223180711269378662e-01
2.741705253720283508e-02
5.025594308972358704e-02
3.700688481330871582e-01
4.633339345455169678e-01
-5.891839973628520966e-03
2.958313003182411194e-02
3.798879683017730713e-01
1.905088126659393311e-01
8.639450371265411377e-02
-7.739689946174621582e-02
-5.829355493187904358e-02
5.556149482727050781e-01
-1.747643649578094482e-01
1.453795880079269409e-01
3.011567890644073486e-01
5.302649140357971191e-01
6.897010654211044312e-02
5.273851752281188965e-01
1.684029400348663330e-01
-1.839482784271240234e-01
6.040320992469787598e-01
7.470915466547012329e-02
2.987037599086761475e-01
4.669960588216781616e-03
-4.433462321758270264e-01
9.777888655662536621e-02
4.258914589881896973e-01
7.061081379652023315e-02
2.644759416580200195e-01
2.495629787445068359e-01
2.411693148314952850e-02
7.807887159287929535e-03
2.140420377254486084e-01
1.826884597539901733e-01
5.379996895790100098e-01
-5.240482278168201447e-03
2.303723990917205811e-02
5.931173264980316162e-02
3.951212465763092041e-01
-1.252536177635192871e-01
-2.599616535007953644e-02
-3.925628364086151123e-01
8.341097831726074219e-02
-1.804272234439849854e-01
3.856386989355087280e-02
6.515723466873168945e-02
4.560917317867279053e-01
4.666698575019836426e-01
3.217762112617492676e-01
-2.814926803112030029e-01
-1.145815178751945496e-01
-1.791573166847229004e-01
-8.343663811683654785e-02
3.602569699287414551e-01
3.867644444108009338e-02
5.493235588073730469e-01
5.184243321418762207e-01
4.598014354705810547e-01
5.847996473312377930e-02
4.588186740875244141e-01
1.232140585780143738e-01
3.487117290496826172e-01
-3.727517426013946533e-01
-2.619786933064460754e-02
5.445968508720397949e-01
1.244406253099441528e-01
2.648766040802001953e-01
-7.865067571401596069e-02
3.751407861709594727e-01
2.008890956640243530e-01
3.293977677822113037e-01
2.454880326986312866e-01
-1.009314507246017456e-01
3.666911423206329346e-01
3.477364480495452881e-01
1.602256149053573608e-01
9.936664998531341553e-02
-2.077170908451080322e-01
-1.271044909954071045e-01
6.042485237121582031e-01
3.563496768474578857e-01
-3.155883848667144775e-01
-1.534743905067443848e-01
6.033523082733154297e-01
-2.334986776113510132e-01
-4.636454954743385315e-02
4.740506708621978760e-01
2.255474627017974854e-01
2.733474969863891602e-01
8.393216878175735474e-02
9.385531395673751831e-02
1.263419091701507568e-01
2.591003775596618652e-01
2.294682860374450684e-01
1.503625810146331787e-01
5.927047729492187500e-01
-3.974137008190155029e-01
4.842276871204376221e-02
4.102697372436523438e-01
1.897450536489486694e-01
2.138717919588088989e-01
4.160214588046073914e-02
2.209526747465133667e-01
1.039764434099197388e-01
9.028244018554687500e-02
-4.575096964836120605e-01
-1.738615632057189941e-01
2.667409181594848633e-01
1.501468569040298462e-01
2.546187117695808411e-02
1.283737868070602417e-01
-2.560064382851123810e-02
1.215148791670799255e-01
2.368799597024917603e-01
3.887538313865661621e-01
5.708593130111694336e-02
-1.241042558103799820e-02
-9.344741702079772949e-02
1.471247971057891846e-01
4.515366628766059875e-02
3.123719692230224609e-01
2.625937163829803467e-01
-7.112207263708114624e-02
3.028912544250488281e-01
4.355039596557617188e-01
3.366568386554718018e-01
1.355199664831161499e-01
3.163771927356719971e-01
1.084721460938453674e-01
5.047391057014465332e-01
4.481201767921447754e-01
4.311873614788055420e-01
1.007849276065826416e-01
5.656588077545166016e-01
-1.359567046165466309e-01
1.020039692521095276e-01
2.593315951526165009e-02
5.281081199645996094e-01
-2.458887249231338501e-01
4.849367439746856689e-01
4.147494733333587646e-01
5.297144055366516113e-01
6.854388862848281860e-02
-5.194069743156433105e-01
-1.272084116935729980e-01
-4.815526306629180908e-01
2.277937084436416626e-01
-6.625127792358398438e-02
4.280494153499603271e-01
-2.073496878147125244e-01
3.979467451572418213e-01
1.850847154855728149e-01
4.658132195472717285e-01
3.979467451572418213e-01
2.680760994553565979e-02
-6.907904893159866333e-02
2.794947922229766846e-01
-2.568655014038085938e-01
1.406299471855163574e-01
2.127336561679840088e-01
9.371644258499145508e-02
3.064904175698757172e-02
5.494219437241554260e-02
4.066546857357025146e-01
-2.343564331531524658e-01
-8.626008406281471252e-03
-1.606456637382507324e-01
5.112136602401733398e-01
5.181886553764343262e-01
2.617525756359100342e-01
-6.627724319696426392e-02
-2.516705393791198730e-01
4.860532581806182861e-01
4.028434678912162781e-02
4.887756407260894775e-01
4.509040117263793945e-01
-1.956759095191955566e-01
4.117642641067504883e-01
3.526690602302551270e-02
-3.346875607967376709e-01
-6.355417519807815552e-02
1.259221732616424561e-01
2.756683528423309326e-01
2.162961214780807495e-01
5.960346758365631104e-02
1.522231251001358032e-01
8.785184472799301147e-02
3.681724369525909424e-01
-2.879175916314125061e-02
-3.547991812229156494e-01
6.364430487155914307e-02
