4.488486945629119873e-01
3.920691013336181641e-01
6.117759346961975098e-01
3.955064415931701660e-01
4.082235097885131836e-01
4.525637924671173096e-01
6.339474320411682129e-01
5.463848114013671875e-01
5.303621292114257812e-01
4.964501261711120605e-01
4.765344262123107910e-01
3.588450551033020020e-01
5.564730167388916016e-01
4.330549538135528564e-01
4.838931858539581299e-01
4.794981479644775391e-01
5.761303901672363281e-01
6.081439852714538574e-01
5.689933300018310547e-01
5.240144729614257812e-01
4.668341875076293945e-01
7.203392982482910156e-01
4.692639410495758057e-01
4.351423382759094238e-01
3.998258113861083984e-01
4.172701835632324219e-01
5.255483388900756836e-01
4.870810508728027344e-01
6.059015393257141113e-01
4.433347582817077637e-01
4.181631207466125488e-01
7.075964212417602539e-01
3.842633366584777832e-01
5.123383402824401855e-01
3.861718177795410156e-01
4.820127785205841064e-01
6.832956075668334961e-01
4.850245118141174316e-01
6.384115815162658691e-01
5.058524608612060547e-01
6.954102516174316406e-01
6.093102693557739258e-01
5.193617939949035645e-01
5.330313444137573242e-01
6.647346615791320801e-01
3.949261605739593506e-01
5.493564605712890625e-01
5.146456360816955566e-01
6.327754855155944824e-01
4.824178516864776611e-01
5.497425198554992676e-01
3.258832693099975586e-01
5.008575320243835449e-01
4.737946987152099609e-01
4.245201349258422852e-01
6.980021595954895020e-01
4.046487510204315186e-01
4.899327754974365234e-01
5.945780873298645020e-01
4.300853610038757324e-01
4.343810081481933594e-01
5.144684910774230957e-01
5.439544320106506348e-01
6.304842829704284668e-01
4.229487478733062744e-01
5.220125913619995117e-01
4.856635034084320068e-01
4.460973739624023438e-01
6.337540745735168457e-01
6.265039443969726562e-01
7.763564586639404297e-01
4.882774055004119873e-01
3.721034228801727295e-01
4.043716788291931152e-01
5.436871647834777832e-01
4.570314586162567139e-01
5.389295816421508789e-01
5.027350187301635742e-01
5.799425840377807617e-01
5.149249434471130371e-01
5.034363865852355957e-01
4.946385920047760010e-01
4.749060869216918945e-01
4.677839875221252441e-01
3.620126247406005859e-01
7.302426099777221680e-01
3.858972787857055664e-01
6.055493950843811035e-01
4.726342558860778809e-01
3.978700041770935059e-01
5.223544836044311523e-01
5.000014305114746094e-01
4.983667135238647461e-01
3.741973042488098145e-01
6.909260153770446777e-01
6.387695670127868652e-01
7.025839090347290039e-01
4.456850290298461914e-01
4.821561872959136963e-01
5.940825939178466797e-01
4.760691225528717041e-01
5.606221556663513184e-01
6.008461117744445801e-01
5.219112634658813477e-01
6.546533107757568359e-01
6.357537508010864258e-01
5.164085030555725098e-01
3.607780933380126953e-01
4.595065712928771973e-01
7.231423854827880859e-01
4.049811661243438721e-01
5.889171957969665527e-01
5.232901573181152344e-01
6.556007862091064453e-01
6.006072759628295898e-01
5.664134025573730469e-01
4.385107457637786865e-01
4.920873939990997314e-01
6.407434940338134766e-01
4.973215758800506592e-01
6.366088390350341797e-01
5.242298841476440430e-01
5.675518512725830078e-01
4.065254330635070801e-01
4.848122596740722656e-01
4.854749143123626709e-01
4.610952734947204590e-01
7.418336868286132812e-01
4.922203123569488525e-01
4.511119127273559570e-01
5.324328541755676270e-01
4.942046999931335449e-01
4.412380158901214600e-01
4.306035041809082031e-01
5.174748897552490234e-01
4.691015779972076416e-01
6.451275348663330078e-01
4.841798543930053711e-01
4.387776851654052734e-01
5.048670768737792969e-01
4.382916986942291260e-01
7.340769171714782715e-01
5.098344683647155762e-01
6.672232151031494141e-01
5.994564890861511230e-01
5.099625587463378906e-01
5.472200512886047363e-01
3.964731693267822266e-01
4.014562368392944336e-01
5.232901573181152344e-01
4.946385920047760010e-01
7.304785251617431641e-01
6.614916324615478516e-01
4.101340472698211670e-01
7.056879997253417969e-01
4.548473060131072998e-01
4.955957233905792236e-01
4.850245118141174316e-01
5.647340416908264160e-01
5.643689632415771484e-01
5.599100589752197266e-01
6.271611452102661133e-01
4.523968398571014404e-01
5.770351886749267578e-01
6.274171471595764160e-01
7.313537001609802246e-01
4.385000765323638916e-01
4.883857369422912598e-01
5.345118641853332520e-01
5.722762942314147949e-01
5.300638079643249512e-01
6.503884792327880859e-01
5.623381733894348145e-01
7.411792278289794922e-01
5.610665082931518555e-01
4.674134850502014160e-01
3.956443965435028076e-01
6.060963869094848633e-01
7.276170253753662109e-01
3.473392128944396973e-01
5.445455908775329590e-01
5.464608669281005859e-01
5.340830087661743164e-01
3.700673580169677734e-01
3.957868218421936035e-01
5.232901573181152344e-01
7.056592702865600586e-01
5.008818507194519043e-01
5.716612339019775391e-01
4.888201653957366943e-01
5.102307200431823730e-01
5.804763436317443848e-01
4.838123917579650879e-01
3.258832693099975586e-01
3.596455454826354980e-01
6.496105194091796875e-01
4.633217453956604004e-01
5.714972615242004395e-01
6.499881744384765625e-01
4.169850945472717285e-01
6.041548848152160645e-01
6.166888475418090820e-01
5.359312295913696289e-01
5.204260945320129395e-01
4.844740927219390869e-01
4.818139672279357910e-01
4.712000787258148193e-01
6.109495759010314941e-01
5.169043540954589844e-01
6.006309986114501953e-01
5.361545681953430176e-01
3.592988252639770508e-01
3.477199971675872803e-01
5.600477457046508789e-01
4.792004227638244629e-01
7.296160459518432617e-01
5.461049079895019531e-01
6.911752820014953613e-01
5.502105951309204102e-01
4.328358769416809082e-01
4.110545814037322998e-01
5.150462985038757324e-01
6.076549291610717773e-01
4.627097845077514648e-01
5.215071439743041992e-01
6.749209761619567871e-01
4.577282071113586426e-01
4.143138825893402100e-01
4.101378619670867920e-01
5.750180482864379883e-01
4.457563161849975586e-01
4.636591970920562744e-01
6.852446794509887695e-01
4.608045518398284912e-01
6.009886264801025391e-01
5.857821702957153320e-01
6.459580063819885254e-01
6.336419582366943359e-01
4.553200602531433105e-01
3.991738855838775635e-01
4.769271016120910645e-01
4.635953605175018311e-01
6.309745907783508301e-01
4.670690894126892090e-01
7.167679667472839355e-01
4.724176824092864990e-01
4.434430599212646484e-01
4.846116304397583008e-01
4.818233251571655273e-01
6.254343986511230469e-01
6.412414908409118652e-01
4.693439602851867676e-01
5.567604303359985352e-01
4.815559685230255127e-01
3.873760402202606201e-01
6.430286169052124023e-01
3.623024225234985352e-01
5.318046212196350098e-01
3.933086395263671875e-01
4.140810668468475342e-01
4.708313941955566406e-01
6.057363748550415039e-01
4.314617514610290527e-01
4.315058290958404541e-01
3.621945381164550781e-01
5.287232995033264160e-01
6.377612948417663574e-01
5.855252742767333984e-01
5.220874547958374023e-01
4.549199044704437256e-01
5.601187348365783691e-01
4.218646585941314697e-01
5.825068354606628418e-01
3.426866531372070312e-01
5.269459486007690430e-01
5.382239818572998047e-01
4.658164381980895996e-01
5.964416265487670898e-01
4.604958295822143555e-01
5.278329849243164062e-01
4.991512000560760498e-01
7.276300787925720215e-01
6.333264112472534180e-01
6.561316251754760742e-01
5.550840497016906738e-01
4.849737584590911865e-01
4.606287777423858643e-01
5.605297684669494629e-01
7.076282501220703125e-01
6.352992057800292969e-01
5.079378485679626465e-01
5.418838858604431152e-01
5.979273319244384766e-01
6.193449497222900391e-01
5.989687442779541016e-01
5.733085870742797852e-01
4.870134890079498291e-01
4.811010658740997314e-01
5.689411163330078125e-01
4.260817766189575195e-01
6.953744888305664062e-01
5.104326009750366211e-01
4.251741170883178711e-01
5.632065534591674805e-01
6.870688796043395996e-01
6.483135819435119629e-01
4.843367338180541992e-01
4.956496059894561768e-01
5.055420994758605957e-01
4.768855571746826172e-01
8.015732169151306152e-01
6.351923942565917969e-01
3.643088936805725098e-01
4.758894443511962891e-01
5.443919301033020020e-01
4.559246301651000977e-01
5.204228758811950684e-01
4.082646965980529785e-01
7.192547321319580078e-01
4.608292579650878906e-01
5.296248197555541992e-01
5.504366159439086914e-01
5.006806254386901855e-01
4.139138758182525635e-01
4.225502014160156250e-01
7.278390526771545410e-01
5.274096131324768066e-01
5.029587149620056152e-01
4.058260023593902588e-01
3.938803970813751221e-01
5.572788119316101074e-01
5.015782117843627930e-01
7.419703006744384766e-01
5.027437210083007812e-01
6.044260263442993164e-01
4.499858617782592773e-01
3.470171093940734863e-01
3.592988252639770508e-01
5.205217003822326660e-01
4.115849435329437256e-01
5.561757683753967285e-01
5.651142001152038574e-01
5.804763436317443848e-01
6.590893268585205078e-01
4.802128672599792480e-01
6.759523749351501465e-01
4.393285512924194336e-01
4.882883131504058838e-01
5.654773116111755371e-01
4.481536448001861572e-01
6.842914819717407227e-01
6.309745907783508301e-01
6.166512370109558105e-01
3.865290284156799316e-01
3.483695387840270996e-01
4.806967973709106445e-01
3.258832693099975586e-01
6.389613151550292969e-01
6.243681311607360840e-01
5.472200512886047363e-01
5.632308125495910645e-01
6.305382251739501953e-01
4.737425446510314941e-01
6.170220375061035156e-01
5.146571993827819824e-01
4.723382294178009033e-01
6.934484243392944336e-01
7.050026059150695801e-01
5.677921175956726074e-01
6.321517229080200195e-01
6.937599778175354004e-01
4.087110757827758789e-01
5.123383402824401855e-01
5.666103363037109375e-01
5.538880228996276855e-01
5.229368805885314941e-01
4.645401835441589355e-01
4.905896484851837158e-01
4.762274920940399170e-01
3.642335236072540283e-01
5.702191591262817383e-01
6.326085329055786133e-01
7.415680289268493652e-01
4.143138825893402100e-01
3.145709633827209473e-01
6.556451916694641113e-01
7.030347585678100586e-01
7.025839090347290039e-01
4.303878247737884521e-01
4.719558060169219971e-01
5.148668289184570312e-01
4.428685903549194336e-01
4.828077256679534912e-01
6.634310483932495117e-01
5.782013535499572754e-01
3.999238908290863037e-01
4.404783844947814941e-01
5.963756442070007324e-01
4.524342119693756104e-01
5.882923603057861328e-01
3.805928230285644531e-01
6.111253499984741211e-01
4.272481501102447510e-01
4.008139967918395996e-01
4.816971123218536377e-01
4.299478530883789062e-01
5.778042674064636230e-01
6.327754855155944824e-01
4.878502190113067627e-01
4.354620873928070068e-01
4.391954243183135986e-01
6.436711549758911133e-01
3.815593719482421875e-01
7.401635050773620605e-01
6.476815938949584961e-01
5.448570847511291504e-01
4.686160087585449219e-01
6.010627746582031250e-01
6.747583746910095215e-01
5.865193605422973633e-01
7.975382804870605469e-01
6.287421584129333496e-01
5.277449488639831543e-01
4.897591769695281982e-01
5.088847875595092773e-01
3.913959264755249023e-01
5.083485245704650879e-01
4.922311007976531982e-01
5.094068646430969238e-01
6.579518914222717285e-01
4.749060869216918945e-01
3.575319051742553711e-01
4.193831086158752441e-01
6.832956075668334961e-01
5.338633060455322266e-01
5.858225226402282715e-01
6.754567623138427734e-01
4.410455822944641113e-01
6.634926795959472656e-01
6.724798679351806641e-01
6.051096916198730469e-01
4.636155068874359131e-01
6.327493190765380859e-01
5.034149289131164551e-01
6.559817790985107422e-01
7.019041776657104492e-01
5.426833033561706543e-01
5.253722071647644043e-01
7.496110200881958008e-01
5.516190528869628906e-01
8.094934225082397461e-01
4.568489193916320801e-01
4.125018119812011719e-01
5.811374187469482422e-01
6.383489966392517090e-01
6.164888143539428711e-01
3.127089142799377441e-01
5.783468484878540039e-01
4.342314004898071289e-01
4.248343706130981445e-01
6.034086942672729492e-01
3.642566204071044922e-01
5.966969728469848633e-01
3.406469523906707764e-01
6.304845809936523438e-01
3.630146384239196777e-01
6.623371839523315430e-01
5.502948164939880371e-01
6.163613796234130859e-01
2.901304960250854492e-01
7.279808521270751953e-01
6.374511718750000000e-01
4.637964367866516113e-01
5.663005709648132324e-01
5.148622989654541016e-01
4.917909801006317139e-01
5.658357739448547363e-01
6.418625116348266602e-01
5.384973287582397461e-01
5.149249434471130371e-01
5.237966775894165039e-01
6.372842788696289062e-01
6.870367527008056641e-01
3.527818322181701660e-01
5.635178685188293457e-01
4.269954860210418701e-01
5.514897108078002930e-01
7.220468521118164062e-01
4.755349755287170410e-01
3.525703549385070801e-01
6.179503202438354492e-01
6.401251554489135742e-01
5.204260945320129395e-01
4.930743277072906494e-01
6.614916324615478516e-01
4.598193466663360596e-01
5.297645926475524902e-01
4.392915368080139160e-01
4.953019320964813232e-01
7.426055669784545898e-01
6.405702829360961914e-01
3.597466945648193359e-01
4.555572569370269775e-01
4.219400286674499512e-01
6.380252838134765625e-01
5.392488837242126465e-01
5.436871647834777832e-01
4.342083334922790527e-01
5.826864838600158691e-01
4.984410405158996582e-01
4.396725594997406006e-01
6.412420272827148438e-01
6.923927068710327148e-01
5.334781408309936523e-01
7.182970046997070312e-01
7.404404878616333008e-01
6.895739436149597168e-01
4.973502457141876221e-01
5.328402519226074219e-01
5.109289288520812988e-01
5.329247117042541504e-01
4.252744615077972412e-01
5.031902790069580078e-01
6.532036662101745605e-01
5.920262336730957031e-01
5.811374187469482422e-01
5.702766776084899902e-01
4.661675989627838135e-01
6.403935551643371582e-01
4.781712293624877930e-01
6.473100781440734863e-01
4.673029482364654541e-01
