1.913383007049560547e-01
6.627450138330459595e-02
8.239182084798812866e-02
-8.818019181489944458e-02
-7.823434472084045410e-02
3.247229754924774170e-01
-1.212552264332771301e-01
3.254785388708114624e-02
-1.471683233976364136e-01
6.492491066455841064e-02
2.580611407756805420e-01
-2.887750603258609772e-02
4.117336124181747437e-02
6.447094678878784180e-02
9.942794218659400940e-03
9.249114245176315308e-02
-2.887750603258609772e-02
-1.207536384463310242e-01
-1.054759509861469269e-02
-1.440043747425079346e-01
6.521616131067276001e-02
-1.566458940505981445e-01
9.266331791877746582e-02
-7.489978522062301636e-02
1.249777227640151978e-01
-7.862452417612075806e-02
9.716526418924331665e-02
2.057246267795562744e-01
4.207829535007476807e-01
1.002154052257537842e-01
-6.940468400716781616e-02
-5.459798499941825867e-03
2.753197588026523590e-02
2.893776297569274902e-01
1.895625442266464233e-01
8.920651674270629883e-02
1.050028875470161438e-01
1.615403033792972565e-02
1.562345474958419800e-01
-1.340864505618810654e-02
-3.352026641368865967e-02
2.798893153667449951e-01
1.583074629306793213e-01
-1.405932847410440445e-02
-4.655406624078750610e-02
-6.742159277200698853e-02
2.877553552389144897e-02
2.711277902126312256e-01
1.714108288288116455e-01
-8.385543525218963623e-02
2.109716683626174927e-01
2.040022462606430054e-01
5.572044392465613782e-05
1.351280659437179565e-01
6.653985381126403809e-02
1.004098355770111084e-01
1.093743219971656799e-01
1.007194668054580688e-01
2.673782594501972198e-02
3.022755384445190430e-01
1.928528100252151489e-01
-2.898439019918441772e-02
3.861122578382492065e-02
-3.342375531792640686e-02
1.186795718967914581e-02
6.469961255788803101e-02
2.041232734918594360e-01
1.892700642347335815e-01
-5.158674344420433044e-02
-1.763153821229934692e-02
2.608698010444641113e-01
1.728350669145584106e-01
-6.167383864521980286e-02
1.882984191179275513e-01
-8.656018413603305817e-03
3.899790719151496887e-02
-5.590182542800903320e-02
2.787020206451416016e-01
3.867531567811965942e-02
5.388097837567329407e-02
-4.015331342816352844e-02
2.359417080879211426e-02
-3.062627650797367096e-02
-7.333707809448242188e-02
-2.802607603371143341e-02
-1.038834336213767529e-03
-6.453353166580200195e-02
4.670359492301940918e-01
1.113624647259712219e-01
2.582665719091892242e-02
-3.021113388240337372e-02
2.255712449550628662e-02
6.332171708345413208e-02
9.060204774141311646e-02
4.711074829101562500e-01
2.094783037900924683e-01
4.311712831258773804e-02
1.848112195730209351e-01
-1.089627891778945923e-01
1.983503997325897217e-01
1.847782880067825317e-01
-9.711515158414840698e-03
3.674484416842460632e-02
8.826848119497299194e-02
7.689175009727478027e-02
-2.963311597704887390e-02
6.797204166650772095e-02
-5.142732709646224976e-02
-3.828019136562943459e-03
-1.838661879301071167e-01
1.465750783681869507e-01
4.639171808958053589e-02
-3.675838932394981384e-02
1.457762420177459717e-01
9.430493414402008057e-02
4.831836372613906860e-02
-1.487838923931121826e-01
-2.389856800436973572e-02
-9.034337848424911499e-02
1.463039070367813110e-01
7.471586763858795166e-02
1.002154052257537842e-01
-2.715906128287315369e-02
-1.633836142718791962e-02
3.950835466384887695e-01
2.550149559974670410e-01
-2.314067631959915161e-02
2.515315636992454529e-02
1.022008806467056274e-01
9.025833010673522949e-02
1.425151824951171875e-01
7.268835604190826416e-02
2.676708437502384186e-02
5.795421823859214783e-02
8.223127573728561401e-02
5.091903358697891235e-02
9.249114245176315308e-02
-4.655406624078750610e-02
-1.181433275341987610e-01
-5.963198491372168064e-04
4.001221805810928345e-02
-8.109337836503982544e-02
3.771415352821350098e-02
1.444830000400543213e-01
2.443192154169082642e-01
6.433433294296264648e-02
4.541472718119621277e-02
9.703792631626129150e-02
2.006530165672302246e-01
-3.960427641868591309e-02
-1.247657909989356995e-01
3.374793380498886108e-02
-1.425274014472961426e-01
2.819408662617206573e-02
2.407069876790046692e-02
-3.241978958249092102e-02
-2.503987774252891541e-02
5.507761985063552856e-02
2.876716293394565582e-02
1.095197200775146484e-01
4.218506813049316406e-01
7.398688793182373047e-02
-5.838754586875438690e-04
-1.696105487644672394e-02
-1.261508613824844360e-01
9.249114245176315308e-02
1.189888939261436462e-01
4.304123576730489731e-03
-8.750365115702152252e-03
1.086543574929237366e-01
3.114212863147258759e-02
2.211460769176483154e-01
-9.107703715562820435e-02
1.435032188892364502e-01
9.249114245176315308e-02
-4.449805617332458496e-02
-2.898439019918441772e-02
7.924062758684158325e-02
-1.617600768804550171e-01
-6.177876889705657959e-02
-2.118416726589202881e-01
4.705565795302391052e-02
4.727485589683055878e-03
4.047883152961730957e-01
1.537046879529953003e-01
-6.855421233922243118e-03
-5.649156495928764343e-02
1.303830891847610474e-01
3.950683027505874634e-02
5.427228659391403198e-02
-2.394353039562702179e-03
-7.225266098976135254e-02
1.739489138126373291e-01
5.255545973777770996e-01
1.756913214921951294e-02
-3.667456284165382385e-02
3.090862557291984558e-02
2.059522084891796112e-02
4.365008324384689331e-02
-9.336738288402557373e-02
-4.062028229236602783e-02
5.204576849937438965e-01
4.129093289375305176e-01
1.931257545948028564e-03
6.426909565925598145e-02
7.308528572320938110e-02
-3.735383227467536926e-02
6.629981845617294312e-02
-1.454208325594663620e-02
1.017194315791130066e-01
7.924062758684158325e-02
-3.667648136615753174e-02
1.318551748991012573e-01
4.079570062458515167e-03
1.945666670799255371e-01
5.650271475315093994e-02
-2.324729971587657928e-02
9.518925100564956665e-02
4.771184623241424561e-01
9.427152574062347412e-02
8.116521686315536499e-02
-1.903846561908721924e-01
-1.286688446998596191e-01
1.870059221982955933e-01
5.650271475315093994e-02
2.531956732273101807e-01
3.292458057403564453e-01
2.420571446418762207e-01
1.307792216539382935e-01
-1.361146103590726852e-02
3.795117512345314026e-02
-1.052799448370933533e-01
3.188407123088836670e-01
4.046257734298706055e-01
-6.988323479890823364e-02
1.078018769621849060e-01
4.623666405677795410e-01
-4.098751116544008255e-03
3.852008283138275146e-01
1.049171295017004013e-02
8.603499829769134521e-02
7.190760970115661621e-02
-2.937553450465202332e-02
5.739263072609901428e-02
2.981637977063655853e-02
-2.234669588506221771e-02
-1.512240897864103317e-02
3.614178299903869629e-01
2.713167965412139893e-01
-8.656018413603305817e-03
1.817135363817214966e-01
2.132135182619094849e-01
-1.236305921338498592e-03
1.262219697237014771e-01
4.946522116661071777e-01
3.069766759872436523e-01
9.985145181417465210e-02
-1.452282350510358810e-02
5.321321636438369751e-02
4.205341339111328125e-01
1.995982676744461060e-01
1.173726469278335571e-01
4.130676388740539551e-02
1.463039070367813110e-01
-7.815978676080703735e-02
5.189030766487121582e-01
1.436227858066558838e-01
1.952812634408473969e-02
-4.503213986754417419e-02
-1.147086024284362793e-01
2.035149186849594116e-01
4.984312877058982849e-02
9.732645004987716675e-02
5.565263330936431885e-02
2.169486880302429199e-01
6.222324073314666748e-02
4.399453476071357727e-02
-1.213756576180458069e-01
2.758062817156314850e-02
-9.789681993424892426e-03
-2.322697080671787262e-02
2.362839281558990479e-01
1.013468857854604721e-02
2.036537528038024902e-01
1.255265157669782639e-02
7.190760970115661621e-02
5.272932052612304688e-01
6.992185115814208984e-02
-6.262180861085653305e-03
6.656275130808353424e-03
-1.365020275115966797e-01
1.813923865556716919e-01
-1.902934629470109940e-03
5.065944977104663849e-03
1.998203545808792114e-01
3.832357749342918396e-02
5.295873880386352539e-01
-3.255464732646942139e-01
8.747179806232452393e-02
-8.089336752891540527e-02
2.549389749765396118e-02
1.899914443492889404e-01
2.908835709095001221e-01
-2.260583266615867615e-02
-1.924185454845428467e-01
4.351321756839752197e-01
5.558756738901138306e-02
1.593340933322906494e-01
1.606069356203079224e-01
-6.226962804794311523e-02
4.435963183641433716e-02
6.363268941640853882e-02
5.437648296356201172e-02
1.541220843791961670e-01
4.673143103718757629e-02
-3.260931074619293213e-01
-8.015677449293434620e-04
-5.133511871099472046e-02
4.453180730342864990e-02
2.415442913770675659e-01
3.872981965541839600e-01
2.567068934440612793e-01
1.674936860799789429e-01
3.178412094712257385e-02
1.907199155539274216e-03
4.371026903390884399e-02
-1.668091714382171631e-01
-4.788843914866447449e-02
1.321824193000793457e-01
-2.517886646091938019e-02
4.014517962932586670e-01
6.426907330751419067e-02
5.637900903820991516e-02
-8.044397830963134766e-02
1.079943925142288208e-01
2.175787091255187988e-02
1.665861904621124268e-01
2.816667966544628143e-02
5.061665773391723633e-01
4.515183866024017334e-01
2.103023976087570190e-01
4.503486156463623047e-01
3.149406984448432922e-02
2.495492100715637207e-01
2.933518886566162109e-01
3.893968164920806885e-01
5.134425759315490723e-01
-3.634547069668769836e-02
4.624086990952491760e-02
4.261534810066223145e-01
1.928544417023658752e-02
6.941775977611541748e-02
8.219502866268157959e-02
1.885331273078918457e-01
2.721371315419673920e-02
1.907199155539274216e-03
2.196268588304519653e-01
3.896709382534027100e-01
-8.563090860843658447e-02
-8.505190908908843994e-02
8.482794463634490967e-02
1.109855473041534424e-01
4.463041424751281738e-01
8.467412739992141724e-02
5.321322381496429443e-02
-6.915266811847686768e-02
-5.097210034728050232e-02
7.225154340267181396e-02
-1.054758578538894653e-02
4.411982297897338867e-01
4.995624721050262451e-02
4.013335332274436951e-02
1.963691227138042450e-02
3.929387032985687256e-02
-6.262214388698339462e-03
3.861982375383377075e-02
1.463039070367813110e-01
-5.166318640112876892e-02
1.942263543605804443e-01
3.634352087974548340e-01
