3.470283448696136475e-01
-8.590742200613021851e-02
2.735152542591094971e-01
3.000063076615333557e-02
-3.103738278150558472e-02
1.784537583589553833e-01
-2.166073024272918701e-02
2.735494971275329590e-01
3.475661873817443848e-01
4.466269612312316895e-01
1.400650739669799805e-01
2.054139524698257446e-01
4.514622986316680908e-01
3.234103694558143616e-02
2.292274832725524902e-01
3.396793901920318604e-01
-2.560474574565887451e-01
-1.001340821385383606e-01
2.635684907436370850e-01
-3.262032270431518555e-01
2.731682956218719482e-01
-1.584607809782028198e-01
1.417597383260726929e-01
4.418199136853218079e-02
-2.830163538455963135e-01
4.235320091247558594e-01
9.994958341121673584e-02
5.842304825782775879e-01
-2.529326677322387695e-01
6.336607336997985840e-01
6.905457973480224609e-01
5.561817884445190430e-01
2.019320800900459290e-02
2.998209893703460693e-01
6.367512345314025879e-01
-1.364183574914932251e-01
1.643205583095550537e-01
2.431626468896865845e-01
-5.316400527954101562e-02
-6.961611658334732056e-02
3.056401610374450684e-01
2.756624519824981689e-01
3.125100433826446533e-01
1.988254934549331665e-01
5.893878936767578125e-01
1.784971058368682861e-01
-8.961311727762222290e-02
-3.332549333572387695e-01
1.046610530465841293e-02
-1.088989600539207458e-01
-3.653064668178558350e-01
-1.072716042399406433e-01
-4.475961029529571533e-01
7.026383280754089355e-02
4.276100397109985352e-01
2.223091423511505127e-01
-8.531793206930160522e-02
-2.026687562465667725e-01
8.863366208970546722e-03
4.451536834239959717e-01
4.188571870326995850e-02
6.797263026237487793e-01
1.384768187999725342e-01
6.778888106346130371e-01
-1.294435560703277588e-01
-6.021948531270027161e-02
-2.006424665451049805e-01
4.591899514198303223e-01
-2.610915899276733398e-02
-3.075184524059295654e-01
2.374977916479110718e-01
3.579002022743225098e-01
-1.417270004749298096e-01
2.438192963600158691e-01
-7.010851055383682251e-02
6.140520572662353516e-01
1.785836815834045410e-01
6.910340785980224609e-01
-2.504922449588775635e-01
8.988364040851593018e-02
4.604123160243034363e-02
-4.125039279460906982e-02
4.097530841827392578e-01
1.964107304811477661e-01
-1.803784668445587158e-01
5.153015255928039551e-01
3.029627501964569092e-01
6.416304111480712891e-01
-4.125039279460906982e-02
2.501312792301177979e-01
4.793285578489303589e-02
-6.143646314740180969e-02
3.041879236698150635e-01
7.105494141578674316e-01
6.759521961212158203e-01
9.765637665987014771e-02
2.053033858537673950e-01
1.680484116077423096e-01
-1.317030489444732666e-01
4.524163305759429932e-01
3.711813390254974365e-01
-1.256448626518249512e-01
-4.397153481841087341e-02
2.834431827068328857e-01
2.789895534515380859e-01
5.200028419494628906e-01
2.771191596984863281e-01
5.531268194317817688e-02
1.946546733379364014e-01
2.472532391548156738e-01
3.785240352153778076e-01
1.950692683458328247e-01
1.230098400264978409e-02
1.223362237215042114e-01
7.384898513555526733e-02
2.430934924632310867e-03
-1.872108280658721924e-01
-1.294435560703277588e-01
-1.254560500383377075e-01
5.655172839760780334e-02
-3.222648426890373230e-02
1.443305313587188721e-01
2.851356938481330872e-02
6.405677795410156250e-01
7.115452289581298828e-01
2.237536907196044922e-01
6.587094068527221680e-01
5.559245944023132324e-01
-2.921385504305362701e-02
3.347769975662231445e-01
2.390233129262924194e-01
5.444908142089843750e-02
2.175114303827285767e-01
-2.243478968739509583e-02
-3.076421841979026794e-02
1.931996196508407593e-01
2.960469722747802734e-01
2.231487929821014404e-01
5.190129876136779785e-01
-7.829466834664344788e-03
2.936303848400712013e-03
5.338082909584045410e-01
2.658188045024871826e-01
5.634590610861778259e-02
1.350975334644317627e-01
1.942743360996246338e-01
-3.183913230895996094e-01
-1.294435560703277588e-01
3.739423751831054688e-01
2.306522428989410400e-01
5.348554253578186035e-01
-7.763444632291793823e-02
-5.742315202951431274e-02
-1.129185128957033157e-02
5.576370954513549805e-01
3.199149370193481445e-01
2.325823605060577393e-01
2.711174190044403076e-01
1.759172044694423676e-02
3.311381489038467407e-02
2.635684907436370850e-01
1.188692972064018250e-01
2.654616832733154297e-01
4.389493167400360107e-02
-2.157546877861022949e-01
-6.935391109436750412e-03
3.034620583057403564e-01
9.742995351552963257e-02
1.780796796083450317e-02
-6.596535444259643555e-02
7.067804038524627686e-02
3.365377485752105713e-01
5.210881233215332031e-01
-1.073336601257324219e-01
6.277780979871749878e-02
2.314354479312896729e-01
6.398254074156284332e-03
4.520565867424011230e-01
-1.759465485811233521e-01
-3.808048740029335022e-02
3.409748375415802002e-01
-6.307744979858398438e-02
7.798107713460922241e-02
4.117487668991088867e-01
-1.424845755100250244e-01
1.214264333248138428e-01
-1.599737554788589478e-01
-3.928099945187568665e-02
1.704563014209270477e-02
-1.163415312767028809e-01
4.581312835216522217e-02
-1.404681950807571411e-01
1.718390434980392456e-01
-5.675204563885927200e-03
1.358835399150848389e-01
3.183054551482200623e-02
2.956369221210479736e-01
1.800597459077835083e-02
5.620188117027282715e-01
6.725439429283142090e-01
2.470698207616806030e-01
3.332997858524322510e-02
5.965117812156677246e-01
2.872765362262725830e-01
-2.224221453070640564e-02
1.290337145328521729e-01
-3.785984814167022705e-01
4.299733787775039673e-02
6.909260153770446777e-01
2.999321818351745605e-01
-2.446539700031280518e-02
6.675271987915039062e-01
1.865118443965911865e-01
8.124517649412155151e-02
2.851356938481330872e-02
3.165919780731201172e-01
-4.431511089205741882e-02
2.464380487799644470e-02
1.258880794048309326e-01
7.259424030780792236e-02
6.171584129333496094e-01
6.487069278955459595e-02
1.462967991828918457e-01
-4.125039279460906982e-02
-3.473803400993347168e-02
9.639579802751541138e-02
-1.282562874257564545e-02
8.568849414587020874e-02
-3.808048740029335022e-02
1.041850969195365906e-01
1.769757419824600220e-01
1.834200769662857056e-01
-2.652524113655090332e-01
1.484283357858657837e-01
-7.167262583971023560e-02
-1.740625351667404175e-01
1.785836815834045410e-01
-8.295812457799911499e-02
-2.307082414627075195e-01
6.771939992904663086e-01
6.504785418510437012e-01
-1.112687736749649048e-01
-1.878342032432556152e-01
-2.611324787139892578e-01
-7.601936906576156616e-02
-3.036807775497436523e-01
4.919774457812309265e-02
-1.387318037450313568e-02
6.249040737748146057e-02
2.891251742839813232e-01
4.014309048652648926e-01
1.326065361499786377e-01
2.742100059986114502e-01
6.121950969099998474e-02
5.939021110534667969e-01
2.282778322696685791e-01
-2.072350829839706421e-01
2.365959733724594116e-01
4.681488871574401855e-01
2.774249613285064697e-01
3.496770858764648438e-01
2.592614293098449707e-01
-1.207280382513999939e-01
-4.462385550141334534e-02
1.175609454512596130e-01
-1.406018137931823730e-01
5.767765641212463379e-01
5.881197452545166016e-01
2.071296125650405884e-01
1.929284185171127319e-01
6.729951500892639160e-02
2.407140582799911499e-01
-1.773966550827026367e-01
4.419202730059623718e-02
-6.961705535650253296e-02
-2.369371056556701660e-01
-5.252030864357948303e-02
2.308772355318069458e-01
1.545090675354003906e-01
2.277525514364242554e-02
5.401778221130371094e-01
2.930684387683868408e-01
1.582272350788116455e-02
5.048189759254455566e-01
5.927989259362220764e-02
-8.002845942974090576e-02
7.288207411766052246e-01
7.574799656867980957e-02
1.753073036670684814e-01
1.276111602783203125e-01
2.934191226959228516e-01
3.010277636349201202e-03
2.371470928192138672e-01
2.900260388851165771e-01
1.524957120418548584e-01
-1.194885149598121643e-01
2.949510216712951660e-01
3.299211338162422180e-02
2.719323150813579559e-02
7.322914898395538330e-02
5.236551761627197266e-01
5.899492502212524414e-01
4.131291806697845459e-02
6.560552865266799927e-02
1.174946501851081848e-01
2.337865233421325684e-01
2.134198546409606934e-01
-3.192501664161682129e-01
5.756686627864837646e-02
1.036335453391075134e-01
2.051345407962799072e-01
-2.006439119577407837e-02
2.654784545302391052e-02
1.255980227142572403e-02
2.417000383138656616e-01
5.166290327906608582e-02
6.470053195953369141e-01
3.299211338162422180e-02
9.049382060766220093e-02
-1.441057920455932617e-01
-2.308689951896667480e-01
2.522890567779541016e-01
2.496479302644729614e-01
2.538578808307647705e-01
-1.230827718973159790e-02
-2.176974713802337646e-02
2.949437685310840607e-02
1.938148736953735352e-01
6.311917304992675781e-01
6.227984428405761719e-01
-1.646571308374404907e-01
7.220406532287597656e-01
1.330398172140121460e-01
-2.706330418586730957e-01
3.845433294773101807e-01
-2.408422082662582397e-01
3.013778328895568848e-01
-2.729730904102325439e-01
2.367362380027770996e-01
8.620888739824295044e-02
5.242541059851646423e-02
-1.561969369649887085e-01
-1.834548413753509521e-01
5.165922641754150391e-01
2.137658596038818359e-01
4.869634658098220825e-02
-7.932043075561523438e-02
2.066255658864974976e-01
-5.321364849805831909e-03
4.768647253513336182e-02
5.769577622413635254e-01
-1.591491103172302246e-01
2.017128020524978638e-01
-3.007864058017730713e-01
-8.728525042533874512e-02
2.455419749021530151e-01
-1.315964311361312866e-01
7.061236500740051270e-01
5.200028419494628906e-01
6.592981219291687012e-01
2.450661808252334595e-01
-2.356458306312561035e-01
5.218220949172973633e-01
-1.958058178424835205e-01
5.082756280899047852e-01
-4.025050252676010132e-02
1.464465260505676270e-01
-6.305956281721591949e-03
4.139507412910461426e-01
3.180310130119323730e-02
